
Tempo total de execução: 725.000000 milissegundo(s).

1 	 0
2 	 3
3 	 4
4 	 4
5 	 2
6 	 4
7 	 3
8 	 4
9 	 4
10 	 4
11 	 3
12 	 3
13 	 3
14 	 3
15 	 4
16 	 3
17 	 4
18 	 3
19 	 4
20 	 3
21 	 4
22 	 3
23 	 3
24 	 3
25 	 3
26 	 4
27 	 4
28 	 3
29 	 3
30 	 4
31 	 4
32 	 4
33 	 4
34 	 2
35 	 3
36 	 3
37 	 2
38 	 3
39 	 4
40 	 3
41 	 4
42 	 2
43 	 3
44 	 3
45 	 4
46 	 4
47 	 4
48 	 3
49 	 3
50 	 4
51 	 1
52 	 3
53 	 3
54 	 5
55 	 4
56 	 4
57 	 2
58 	 3
59 	 3
60 	 4
61 	 4
62 	 3
63 	 4
64 	 3
65 	 2
66 	 3
67 	 2
68 	 3
69 	 4
70 	 3
71 	 3
72 	 3
73 	 3
74 	 4
75 	 3
76 	 3
77 	 2
78 	 4
79 	 4
80 	 3
81 	 4
82 	 4
83 	 4
84 	 3
85 	 4
86 	 4
87 	 4
88 	 4
89 	 4
90 	 3
91 	 3
92 	 3
93 	 2
94 	 4
95 	 3
96 	 3
97 	 4
98 	 4
99 	 4
100 	 4
101 	 2
102 	 3
103 	 2
104 	 3
105 	 3
106 	 4
107 	 3
108 	 4
109 	 4
110 	 3
111 	 3
112 	 3
113 	 4
114 	 4
115 	 3
116 	 2
117 	 4
118 	 3
119 	 3
120 	 4
121 	 2
122 	 4
123 	 4
124 	 4
125 	 4
126 	 4
127 	 4
128 	 4
129 	 3
130 	 2
131 	 4
132 	 3
133 	 2
134 	 3
135 	 4
136 	 3
137 	 3
138 	 4
139 	 4
140 	 4
141 	 3
142 	 3
143 	 3
144 	 4
145 	 3
146 	 3
147 	 4
148 	 4
149 	 4
150 	 2
151 	 3
152 	 4
153 	 4
154 	 4
155 	 4
156 	 4
157 	 4
158 	 3
159 	 3
160 	 2
161 	 4
162 	 4
163 	 4
164 	 3
165 	 3
166 	 3
167 	 3
168 	 4
169 	 4
170 	 3
171 	 4
172 	 4
173 	 4
174 	 3
175 	 4
176 	 4
177 	 3
178 	 2
179 	 4
180 	 3
181 	 3
182 	 3
183 	 4
184 	 2
185 	 3
186 	 4
187 	 4
188 	 4
189 	 4
190 	 4
191 	 4
192 	 3
193 	 4
194 	 5
195 	 3
196 	 5
197 	 4
198 	 4
199 	 2
200 	 4
201 	 4
202 	 4
203 	 3
204 	 4
205 	 3
206 	 3
207 	 4
208 	 4
209 	 4
210 	 4
211 	 4
212 	 3
213 	 4
214 	 4
215 	 3
216 	 3
217 	 4
218 	 3
219 	 4
220 	 4
221 	 4
222 	 4
223 	 4
224 	 4
225 	 3
226 	 3
227 	 4
228 	 4
229 	 4
230 	 4
231 	 3
232 	 4
233 	 4
234 	 3
235 	 3
236 	 2
237 	 4
238 	 3
239 	 3
240 	 3
241 	 4
242 	 4
243 	 4
244 	 3
245 	 4
246 	 4
247 	 4
248 	 3
249 	 4
250 	 3
251 	 3
252 	 4
253 	 3
254 	 3
255 	 1
256 	 4
257 	 3
258 	 3
259 	 3
260 	 4
261 	 4
262 	 4
263 	 4
264 	 2
265 	 3
266 	 4
267 	 4
268 	 4
269 	 4
270 	 3
271 	 4
272 	 3
273 	 3
274 	 3
275 	 3
276 	 3
277 	 3
278 	 3
279 	 4
280 	 3
281 	 4
282 	 4
283 	 3
284 	 4
285 	 4
286 	 3
287 	 4
288 	 3
289 	 4
290 	 3
291 	 3
292 	 4
293 	 4
294 	 4
295 	 3
296 	 4
297 	 4
298 	 4
299 	 4
300 	 3
301 	 3
302 	 3
303 	 4
304 	 3
305 	 4
306 	 4
307 	 2
308 	 4
309 	 4
310 	 3
311 	 3
312 	 3
313 	 3
314 	 3
315 	 3
316 	 4
317 	 4
318 	 2
319 	 3
320 	 4
321 	 4
322 	 2
323 	 4
324 	 2
325 	 3
326 	 4
327 	 4
328 	 4
329 	 3
330 	 3
331 	 3
332 	 3
333 	 4
334 	 4
335 	 3
336 	 3
337 	 3
338 	 4
339 	 2
340 	 4
341 	 4
342 	 3
343 	 4
344 	 3
345 	 3
346 	 4
347 	 4
348 	 3
349 	 4
350 	 3
351 	 4
352 	 2
353 	 4
354 	 3
355 	 4
356 	 2
357 	 3
358 	 2
359 	 4
360 	 3
361 	 4
362 	 3
363 	 4
364 	 4
365 	 3
366 	 4
367 	 4
368 	 4
369 	 4
370 	 4
371 	 4
372 	 4
373 	 4
374 	 3
375 	 4
376 	 4
377 	 4
378 	 4
379 	 4
380 	 4
381 	 4
382 	 3
383 	 4
384 	 4
385 	 4
386 	 4
387 	 3
388 	 3
389 	 4
390 	 3
391 	 4
392 	 4
393 	 3
394 	 3
395 	 4
396 	 4
397 	 3
398 	 3
399 	 3
400 	 4
401 	 4
402 	 4
403 	 3
404 	 3
405 	 4
406 	 2
407 	 3
408 	 3
409 	 4
410 	 3
411 	 3
412 	 3
413 	 4
414 	 4
415 	 3
416 	 4
417 	 4
418 	 3
419 	 3
420 	 3
421 	 3
422 	 3
423 	 3
424 	 4
425 	 2
426 	 3
427 	 4
428 	 3
429 	 3
430 	 2
431 	 4
432 	 4
433 	 4
434 	 4
435 	 3
436 	 3
437 	 3
438 	 3
439 	 2
440 	 4
441 	 3
442 	 3
443 	 4
444 	 4
445 	 4
446 	 3
447 	 4
448 	 4
449 	 3
450 	 3
451 	 3
452 	 3
453 	 3
454 	 3
455 	 4
456 	 3
457 	 4
458 	 3
459 	 4
460 	 2
461 	 4
462 	 4
463 	 4
464 	 4
465 	 3
466 	 4
467 	 4
468 	 3
469 	 3
470 	 4
471 	 2
472 	 3
473 	 3
474 	 4
475 	 3
476 	 4
477 	 4
478 	 3
479 	 4
480 	 4
481 	 3
482 	 3
483 	 4
484 	 3
485 	 3
486 	 3
487 	 3
488 	 4
489 	 3
490 	 4
491 	 3
492 	 4
493 	 4
494 	 4
495 	 4
496 	 2
497 	 4
498 	 3
499 	 4
500 	 4
501 	 4
502 	 3
503 	 3
504 	 3
505 	 4
506 	 3
507 	 4
508 	 3
509 	 2
510 	 2
511 	 3
512 	 5
513 	 4
514 	 4
515 	 4
516 	 3
517 	 4
518 	 3
519 	 3
520 	 4
521 	 3
522 	 3
523 	 4
524 	 4
525 	 3
526 	 4
527 	 3
528 	 3
529 	 3
530 	 2
531 	 4
532 	 3
533 	 3
534 	 4
535 	 3
536 	 4
537 	 3
538 	 4
539 	 4
540 	 3
541 	 4
542 	 3
543 	 3
544 	 4
545 	 3
546 	 4
547 	 3
548 	 4
549 	 4
550 	 4
551 	 3
552 	 4
553 	 4
554 	 4
555 	 4
556 	 3
557 	 4
558 	 4
559 	 4
560 	 3
561 	 4
562 	 4
563 	 4
564 	 4
565 	 3
566 	 4
567 	 2
568 	 4
569 	 3
570 	 3
571 	 3
572 	 3
573 	 1
574 	 2
575 	 3
576 	 4
577 	 3
578 	 4
579 	 3
580 	 4
581 	 4
582 	 4
583 	 3
584 	 4
585 	 4
586 	 3
587 	 4
588 	 4
589 	 4
590 	 3
591 	 3
592 	 4
593 	 3
594 	 3
595 	 2
596 	 4
597 	 2
598 	 3
599 	 4
600 	 3
601 	 3
602 	 4
603 	 4
604 	 3
605 	 4
606 	 1
607 	 3
608 	 4
609 	 3
610 	 3
611 	 3
612 	 3
613 	 4
614 	 3
615 	 4
616 	 4
617 	 3
618 	 4
619 	 3
620 	 3
621 	 3
622 	 3
623 	 4
624 	 2
625 	 3
626 	 4
627 	 4
628 	 4
629 	 3
630 	 4
631 	 4
632 	 3
633 	 3
634 	 3
635 	 3
636 	 4
637 	 4
638 	 4
639 	 4
640 	 2
641 	 4
642 	 1
643 	 4
644 	 4
645 	 3
646 	 3
647 	 4
648 	 3
649 	 4
650 	 4
651 	 3
652 	 3
653 	 4
654 	 3
655 	 2
656 	 3
657 	 3
658 	 3
659 	 3
660 	 3
661 	 4
662 	 3
663 	 3
664 	 4
665 	 4
666 	 4
667 	 3
668 	 3
669 	 3
670 	 2
671 	 4
672 	 4
673 	 4
674 	 2
675 	 3
676 	 4
677 	 3
678 	 3
679 	 4
680 	 3
681 	 4
682 	 4
683 	 3
684 	 3
685 	 3
686 	 3
687 	 3
688 	 3
689 	 3
690 	 4
691 	 4
692 	 4
693 	 4
694 	 2
695 	 4
696 	 4
697 	 4
698 	 4
699 	 4
700 	 4
701 	 4
702 	 2
703 	 4
704 	 3
705 	 3
706 	 4
707 	 2
708 	 4
709 	 3
710 	 4
711 	 4
712 	 4
713 	 3
714 	 2
715 	 4
716 	 3
717 	 4
718 	 3
719 	 4
720 	 4
721 	 3
722 	 3
723 	 4
724 	 3
725 	 3
726 	 4
727 	 1
728 	 4
729 	 3
730 	 4
731 	 2
732 	 4
733 	 3
734 	 3
735 	 3
736 	 3
737 	 4
738 	 2
739 	 3
740 	 2
741 	 4
742 	 3
743 	 4
744 	 3
745 	 4
746 	 3
747 	 3
748 	 4
749 	 3
750 	 4
751 	 4
752 	 3
753 	 3
754 	 3
755 	 3
756 	 3
757 	 4
758 	 4
759 	 4
760 	 3
761 	 4
762 	 3
763 	 3
764 	 4
765 	 1
766 	 3
767 	 3
768 	 3
769 	 3
770 	 4
771 	 4
772 	 3
773 	 3
774 	 3
775 	 4
776 	 4
777 	 4
778 	 4
779 	 3
780 	 3
781 	 4
782 	 3
783 	 4
784 	 3
785 	 3
786 	 3
787 	 4
788 	 4
789 	 4
790 	 4
791 	 2
792 	 3
793 	 4
794 	 3
795 	 4
796 	 4
797 	 4
798 	 3
799 	 4
800 	 4
