
Tempo total de execução: 8.000000 milissegundo(s).

0 	 2147483647
1 	 0
2 	 5
3 	 10
4 	 15
5 	 20
6 	 25
7 	 2147483647
8 	 2147483647
9 	 2147483647
10 	 2147483647
11 	 2147483647
12 	 2147483647
13 	 2147483647
14 	 2147483647
15 	 2147483647
16 	 2147483647
17 	 2147483647
18 	 2147483647
19 	 2147483647
20 	 2147483647
21 	 2147483647
22 	 2147483647
23 	 2147483647
24 	 2147483647
25 	 2147483647
26 	 2147483647
27 	 2147483647
28 	 2147483647
29 	 2147483647
30 	 2147483647
31 	 2147483647
32 	 2147483647
33 	 2147483647
34 	 2147483647
35 	 2147483647
36 	 2147483647
37 	 2147483647
38 	 2147483647
39 	 2147483647
40 	 2147483647
41 	 2147483647
42 	 2147483647
43 	 2147483647
44 	 2147483647
45 	 2147483647
46 	 2147483647
47 	 2147483647
48 	 2147483647
49 	 2147483647
50 	 2147483647
51 	 2147483647
52 	 2147483647
53 	 2147483647
54 	 2147483647
55 	 2147483647
56 	 2147483647
57 	 2147483647
58 	 2147483647
59 	 2147483647
60 	 2147483647
61 	 2147483647
62 	 2147483647
63 	 2147483647
64 	 2147483647
65 	 2147483647
66 	 2147483647
67 	 13
68 	 18
69 	 23
70 	 28
71 	 33
72 	 38
73 	 43
74 	 48
75 	 53
76 	 58
77 	 63
78 	 68
79 	 73
80 	 78
81 	 83
82 	 88
83 	 93
84 	 98
85 	 103
86 	 108
87 	 113
88 	 2147483647
89 	 2147483647
90 	 2147483647
91 	 2147483647
92 	 2147483647
93 	 2147483647
94 	 2147483647
95 	 2147483647
96 	 2147483647
97 	 2147483647
98 	 2147483647
99 	 2147483647
100 	 2147483647
101 	 2147483647
102 	 2147483647
103 	 2147483647
104 	 2147483647
105 	 2147483647
106 	 2147483647
107 	 2147483647
108 	 2147483647
109 	 2147483647
110 	 2147483647
111 	 2147483647
112 	 2147483647
113 	 2147483647
114 	 2147483647
115 	 2147483647
116 	 2147483647
117 	 2147483647
118 	 2147483647
119 	 2147483647
120 	 2147483647
121 	 2147483647
122 	 2147483647
123 	 2147483647
124 	 2147483647
125 	 2147483647
126 	 2147483647
127 	 2147483647
128 	 2147483647
129 	 2147483647
130 	 2147483647
131 	 2147483647
132 	 2147483647
133 	 2147483647
134 	 2147483647
135 	 2147483647
136 	 26
137 	 31
138 	 36
139 	 41
140 	 46
141 	 56
142 	 66
143 	 76
144 	 86
145 	 91
146 	 96
147 	 101
148 	 106
149 	 111
150 	 121
151 	 126
152 	 131
153 	 136
154 	 141
155 	 146
156 	 2147483647
157 	 2147483647
158 	 2147483647
159 	 2147483647
160 	 2147483647
161 	 2147483647
162 	 2147483647
163 	 2147483647
164 	 2147483647
165 	 2147483647
166 	 2147483647
167 	 2147483647
168 	 2147483647
169 	 2147483647
170 	 2147483647
171 	 2147483647
172 	 2147483647
173 	 2147483647
174 	 2147483647
175 	 2147483647
176 	 2147483647
177 	 2147483647
178 	 2147483647
179 	 2147483647
180 	 2147483647
181 	 2147483647
182 	 2147483647
183 	 2147483647
184 	 2147483647
185 	 2147483647
186 	 2147483647
187 	 2147483647
188 	 2147483647
189 	 2147483647
190 	 2147483647
191 	 2147483647
192 	 2147483647
193 	 2147483647
194 	 2147483647
195 	 2147483647
196 	 2147483647
197 	 2147483647
198 	 2147483647
199 	 2147483647
200 	 54
201 	 59
202 	 69
203 	 79
204 	 89
205 	 99
206 	 119
207 	 124
208 	 134
209 	 139
210 	 144
211 	 149
212 	 154
213 	 159
214 	 164
215 	 169
216 	 174
217 	 179
218 	 184
219 	 2147483647
220 	 2147483647
221 	 2147483647
222 	 2147483647
223 	 2147483647
224 	 2147483647
225 	 2147483647
226 	 2147483647
227 	 2147483647
228 	 2147483647
229 	 2147483647
230 	 2147483647
231 	 2147483647
232 	 2147483647
233 	 2147483647
234 	 2147483647
235 	 2147483647
236 	 2147483647
237 	 2147483647
238 	 2147483647
239 	 2147483647
240 	 2147483647
241 	 2147483647
242 	 2147483647
243 	 2147483647
244 	 2147483647
245 	 2147483647
246 	 2147483647
247 	 2147483647
248 	 2147483647
249 	 2147483647
250 	 2147483647
251 	 2147483647
252 	 2147483647
253 	 2147483647
254 	 2147483647
255 	 2147483647
256 	 2147483647
257 	 2147483647
258 	 2147483647
259 	 2147483647
260 	 2147483647
261 	 2147483647
262 	 2147483647
263 	 2147483647
264 	 2147483647
265 	 2147483647
266 	 2147483647
267 	 2147483647
268 	 2147483647
269 	 67
270 	 72
271 	 77
272 	 82
273 	 87
274 	 92
275 	 97
276 	 102
277 	 107
278 	 112
279 	 117
280 	 122
281 	 127
282 	 132
283 	 137
284 	 142
285 	 147
286 	 152
287 	 157
288 	 162
289 	 167
290 	 172
291 	 177
292 	 182
293 	 187
294 	 197
295 	 202
296 	 207
297 	 2147483647
298 	 2147483647
299 	 2147483647
300 	 2147483647
301 	 2147483647
302 	 2147483647
303 	 2147483647
304 	 2147483647
305 	 2147483647
306 	 2147483647
307 	 2147483647
308 	 2147483647
309 	 2147483647
310 	 2147483647
311 	 2147483647
312 	 2147483647
313 	 2147483647
314 	 2147483647
315 	 2147483647
316 	 2147483647
317 	 2147483647
318 	 2147483647
319 	 2147483647
320 	 2147483647
321 	 2147483647
322 	 2147483647
323 	 2147483647
324 	 2147483647
325 	 2147483647
326 	 2147483647
327 	 2147483647
328 	 2147483647
329 	 2147483647
330 	 2147483647
331 	 2147483647
332 	 2147483647
333 	 2147483647
334 	 2147483647
335 	 2147483647
336 	 2147483647
337 	 2147483647
338 	 2147483647
339 	 2147483647
340 	 2147483647
341 	 2147483647
342 	 80
343 	 85
344 	 90
345 	 100
346 	 105
347 	 110
348 	 130
349 	 135
350 	 140
351 	 145
352 	 150
353 	 155
354 	 160
355 	 165
356 	 170
357 	 180
358 	 185
359 	 190
360 	 195
361 	 200
362 	 210
363 	 215
364 	 220
365 	 2147483647
366 	 2147483647
367 	 2147483647
368 	 2147483647
369 	 2147483647
370 	 2147483647
371 	 2147483647
372 	 2147483647
373 	 2147483647
374 	 2147483647
375 	 2147483647
376 	 2147483647
377 	 2147483647
378 	 2147483647
379 	 2147483647
380 	 2147483647
381 	 2147483647
382 	 2147483647
383 	 2147483647
384 	 2147483647
385 	 2147483647
386 	 2147483647
387 	 2147483647
388 	 2147483647
389 	 2147483647
390 	 2147483647
391 	 2147483647
392 	 2147483647
393 	 2147483647
394 	 2147483647
395 	 2147483647
396 	 2147483647
397 	 2147483647
398 	 2147483647
399 	 2147483647
400 	 2147483647
401 	 2147483647
402 	 2147483647
403 	 2147483647
404 	 2147483647
405 	 2147483647
406 	 2147483647
407 	 2147483647
408 	 2147483647
409 	 93
410 	 98
411 	 103
412 	 113
413 	 123
414 	 128
415 	 133
416 	 138
417 	 143
418 	 148
419 	 153
420 	 158
421 	 163
422 	 168
423 	 173
424 	 178
425 	 183
426 	 193
427 	 213
428 	 218
429 	 223
430 	 233
431 	 238
432 	 243
433 	 248
434 	 253
435 	 258
436 	 263
437 	 268
438 	 2147483647
439 	 2147483647
440 	 2147483647
441 	 2147483647
442 	 2147483647
443 	 2147483647
444 	 2147483647
445 	 2147483647
446 	 2147483647
447 	 2147483647
448 	 2147483647
449 	 2147483647
450 	 2147483647
451 	 2147483647
452 	 2147483647
453 	 2147483647
454 	 2147483647
455 	 2147483647
456 	 2147483647
457 	 2147483647
458 	 2147483647
459 	 2147483647
460 	 2147483647
461 	 2147483647
462 	 2147483647
463 	 2147483647
464 	 2147483647
465 	 2147483647
466 	 2147483647
467 	 2147483647
468 	 2147483647
469 	 2147483647
470 	 2147483647
471 	 2147483647
472 	 2147483647
473 	 2147483647
474 	 2147483647
475 	 2147483647
476 	 2147483647
477 	 2147483647
478 	 106
479 	 116
480 	 121
481 	 126
482 	 136
483 	 141
484 	 146
485 	 151
486 	 156
487 	 161
488 	 166
489 	 171
490 	 181
491 	 186
492 	 191
493 	 196
494 	 201
495 	 206
496 	 211
497 	 216
498 	 221
499 	 226
500 	 231
501 	 236
502 	 246
503 	 251
504 	 256
505 	 261
506 	 266
507 	 271
508 	 281
509 	 2147483647
510 	 2147483647
511 	 2147483647
512 	 2147483647
513 	 2147483647
514 	 2147483647
515 	 2147483647
516 	 2147483647
517 	 2147483647
518 	 2147483647
519 	 2147483647
520 	 2147483647
521 	 2147483647
522 	 2147483647
523 	 2147483647
524 	 2147483647
525 	 2147483647
526 	 2147483647
527 	 2147483647
528 	 2147483647
529 	 2147483647
530 	 2147483647
531 	 2147483647
532 	 2147483647
533 	 2147483647
534 	 2147483647
535 	 2147483647
536 	 2147483647
537 	 2147483647
538 	 2147483647
539 	 2147483647
540 	 2147483647
541 	 2147483647
542 	 2147483647
543 	 2147483647
544 	 2147483647
545 	 119
546 	 129
547 	 134
548 	 139
549 	 144
550 	 149
551 	 169
552 	 174
553 	 184
554 	 194
555 	 204
556 	 209
557 	 214
558 	 219
559 	 229
560 	 234
561 	 239
562 	 244
563 	 249
564 	 254
565 	 259
566 	 264
567 	 269
568 	 274
569 	 279
570 	 284
571 	 294
572 	 299
573 	 304
574 	 309
575 	 314
576 	 319
577 	 324
578 	 329
579 	 334
580 	 339
581 	 344
582 	 349
583 	 354
584 	 359
585 	 364
586 	 369
587 	 2147483647
588 	 2147483647
589 	 2147483647
590 	 2147483647
591 	 2147483647
592 	 2147483647
593 	 2147483647
594 	 2147483647
595 	 2147483647
596 	 2147483647
597 	 2147483647
598 	 2147483647
599 	 2147483647
600 	 2147483647
601 	 2147483647
602 	 2147483647
603 	 2147483647
604 	 2147483647
605 	 2147483647
606 	 2147483647
607 	 2147483647
608 	 2147483647
609 	 2147483647
610 	 2147483647
611 	 2147483647
612 	 2147483647
613 	 132
614 	 137
615 	 142
616 	 147
617 	 157
618 	 162
619 	 167
620 	 172
621 	 177
622 	 182
623 	 187
624 	 197
625 	 202
626 	 207
627 	 217
628 	 222
629 	 232
630 	 242
631 	 252
632 	 257
633 	 262
634 	 267
635 	 272
636 	 277
637 	 282
638 	 287
639 	 292
640 	 297
641 	 302
642 	 307
643 	 317
644 	 322
645 	 327
646 	 332
647 	 337
648 	 342
649 	 347
650 	 352
651 	 357
652 	 377
653 	 382
654 	 387
655 	 392
656 	 397
657 	 402
658 	 407
659 	 412
660 	 417
661 	 422
662 	 427
663 	 432
664 	 437
665 	 442
666 	 447
667 	 452
668 	 457
669 	 462
670 	 467
671 	 472
672 	 477
673 	 482
674 	 487
675 	 492
676 	 497
677 	 502
678 	 507
679 	 2147483647
680 	 2147483647
681 	 2147483647
682 	 145
683 	 155
684 	 160
685 	 170
686 	 190
687 	 195
688 	 200
689 	 205
690 	 210
691 	 215
692 	 220
693 	 225
694 	 230
695 	 235
696 	 245
697 	 250
698 	 255
699 	 265
700 	 285
701 	 290
702 	 300
703 	 305
704 	 310
705 	 315
706 	 320
707 	 330
708 	 335
709 	 340
710 	 345
711 	 350
712 	 355
713 	 360
714 	 370
715 	 375
716 	 380
717 	 385
718 	 390
719 	 395
720 	 400
721 	 405
722 	 410
723 	 415
724 	 420
725 	 425
726 	 430
727 	 435
728 	 440
729 	 445
730 	 450
731 	 455
732 	 460
733 	 465
734 	 470
735 	 475
736 	 480
737 	 485
738 	 490
739 	 495
740 	 500
741 	 505
742 	 510
743 	 515
744 	 520
745 	 2147483647
746 	 2147483647
747 	 2147483647
748 	 158
749 	 168
750 	 173
751 	 178
752 	 183
753 	 188
754 	 193
755 	 198
756 	 203
757 	 208
758 	 213
759 	 233
760 	 238
761 	 243
762 	 248
763 	 253
764 	 258
765 	 263
766 	 268
767 	 273
768 	 278
769 	 283
770 	 288
771 	 293
772 	 298
773 	 303
774 	 313
775 	 333
776 	 338
777 	 343
778 	 353
779 	 358
780 	 363
781 	 368
782 	 373
783 	 383
784 	 393
785 	 398
786 	 403
787 	 408
788 	 418
789 	 423
790 	 428
791 	 433
792 	 438
793 	 443
794 	 448
795 	 453
796 	 458
797 	 463
798 	 468
799 	 473
800 	 478
801 	 483
802 	 488
803 	 493
804 	 498
805 	 503
806 	 508
807 	 513
808 	 518
809 	 523
810 	 528
811 	 533
812 	 2147483647
813 	 2147483647
814 	 2147483647
815 	 171
816 	 176
817 	 181
818 	 186
819 	 191
820 	 196
821 	 201
822 	 206
823 	 211
824 	 216
825 	 221
826 	 226
827 	 231
828 	 236
829 	 241
830 	 246
831 	 251
832 	 256
833 	 261
834 	 266
835 	 271
836 	 276
837 	 281
838 	 286
839 	 291
840 	 296
841 	 301
842 	 306
843 	 311
844 	 316
845 	 321
846 	 326
847 	 331
848 	 336
849 	 341
850 	 346
851 	 351
852 	 356
853 	 366
854 	 371
855 	 376
856 	 381
857 	 386
858 	 391
859 	 396
860 	 406
861 	 411
862 	 416
863 	 421
864 	 431
865 	 441
866 	 446
867 	 451
868 	 456
869 	 461
870 	 466
871 	 471
872 	 476
873 	 486
874 	 491
875 	 496
876 	 506
877 	 511
878 	 516
879 	 521
880 	 526
881 	 531
882 	 536
883 	 541
884 	 546
885 	 2147483647
886 	 2147483647
887 	 184
888 	 194
889 	 199
890 	 204
891 	 214
892 	 219
893 	 224
894 	 229
895 	 234
896 	 239
897 	 244
898 	 254
899 	 259
900 	 264
901 	 269
902 	 274
903 	 279
904 	 284
905 	 289
906 	 294
907 	 299
908 	 319
909 	 324
910 	 334
911 	 339
912 	 344
913 	 349
914 	 354
915 	 359
916 	 364
917 	 369
918 	 374
919 	 379
920 	 384
921 	 394
922 	 399
923 	 404
924 	 409
925 	 414
926 	 419
927 	 424
928 	 429
929 	 434
930 	 439
931 	 444
932 	 454
933 	 464
934 	 469
935 	 474
936 	 479
937 	 484
938 	 489
939 	 499
940 	 504
941 	 509
942 	 519
943 	 524
944 	 529
945 	 534
946 	 539
947 	 544
948 	 549
949 	 554
950 	 559
951 	 2147483647
952 	 2147483647
953 	 197
954 	 207
955 	 217
956 	 227
957 	 232
958 	 237
959 	 242
960 	 247
961 	 252
962 	 257
963 	 267
964 	 277
965 	 282
966 	 287
967 	 292
968 	 297
969 	 302
970 	 307
971 	 312
972 	 317
973 	 322
974 	 327
975 	 332
976 	 337
977 	 347
978 	 357
979 	 367
980 	 372
981 	 377
982 	 382
983 	 387
984 	 397
985 	 407
986 	 417
987 	 422
988 	 427
989 	 432
990 	 437
991 	 447
992 	 452
993 	 457
994 	 462
995 	 467
996 	 477
997 	 482
998 	 487
999 	 492
1000 	 497
1001 	 502
1002 	 507
1003 	 512
1004 	 517
1005 	 522
1006 	 527
1007 	 532
1008 	 542
1009 	 547
1010 	 552
1011 	 557
1012 	 562
1013 	 567
1014 	 572
1015 	 2147483647
1016 	 2147483647
1017 	 2147483647
1018 	 210
1019 	 215
1020 	 220
1021 	 230
1022 	 235
1023 	 240
1024 	 260
1025 	 265
1026 	 270
1027 	 275
1028 	 280
1029 	 290
1030 	 295
1031 	 300
1032 	 305
1033 	 310
1034 	 315
1035 	 320
1036 	 330
1037 	 335
1038 	 345
1039 	 350
1040 	 355
1041 	 360
1042 	 370
1043 	 380
1044 	 390
1045 	 400
1046 	 410
1047 	 415
1048 	 420
1049 	 430
1050 	 435
1051 	 445
1052 	 450
1053 	 460
1054 	 470
1055 	 475
1056 	 480
1057 	 485
1058 	 490
1059 	 495
1060 	 500
1061 	 505
1062 	 515
1063 	 520
1064 	 525
1065 	 530
1066 	 535
1067 	 540
1068 	 545
1069 	 555
1070 	 565
1071 	 570
1072 	 575
1073 	 580
1074 	 585
1075 	 2147483647
1076 	 228
1077 	 233
1078 	 238
1079 	 243
1080 	 248
1081 	 253
1082 	 258
1083 	 263
1084 	 268
1085 	 273
1086 	 278
1087 	 288
1088 	 293
1089 	 298
1090 	 303
1091 	 308
1092 	 318
1093 	 323
1094 	 328
1095 	 333
1096 	 343
1097 	 348
1098 	 358
1099 	 363
1100 	 368
1101 	 373
1102 	 378
1103 	 383
1104 	 388
1105 	 393
1106 	 403
1107 	 413
1108 	 418
1109 	 423
1110 	 428
1111 	 433
1112 	 438
1113 	 443
1114 	 448
1115 	 458
1116 	 463
1117 	 468
1118 	 473
1119 	 483
1120 	 493
1121 	 498
1122 	 503
1123 	 508
1124 	 513
1125 	 518
1126 	 528
1127 	 533
1128 	 538
1129 	 543
1130 	 548
1131 	 553
1132 	 558
1133 	 563
1134 	 568
1135 	 578
1136 	 583
1137 	 588
1138 	 593
1139 	 598
1140 	 2147483647
1141 	 2147483647
1142 	 2147483647
1143 	 2147483647
1144 	 241
1145 	 246
1146 	 251
1147 	 256
1148 	 261
1149 	 266
1150 	 271
1151 	 276
1152 	 281
1153 	 286
1154 	 291
1155 	 301
1156 	 306
1157 	 311
1158 	 316
1159 	 321
1160 	 331
1161 	 336
1162 	 341
1163 	 346
1164 	 351
1165 	 356
1166 	 361
1167 	 366
1168 	 371
1169 	 381
1170 	 386
1171 	 391
1172 	 396
1173 	 401
1174 	 406
1175 	 411
1176 	 416
1177 	 421
1178 	 426
1179 	 436
1180 	 441
1181 	 446
1182 	 451
1183 	 456
1184 	 461
1185 	 466
1186 	 471
1187 	 476
1188 	 481
1189 	 486
1190 	 491
1191 	 496
1192 	 506
1193 	 511
1194 	 516
1195 	 521
1196 	 526
1197 	 531
1198 	 536
1199 	 541
1200 	 546
1201 	 551
1202 	 556
1203 	 561
1204 	 566
1205 	 571
1206 	 576
1207 	 581
1208 	 586
1209 	 591
1210 	 601
1211 	 606
1212 	 611
1213 	 2147483647
1214 	 2147483647
1215 	 2147483647
1216 	 2147483647
1217 	 254
1218 	 259
1219 	 269
1220 	 274
1221 	 279
1222 	 284
1223 	 289
1224 	 294
1225 	 299
1226 	 304
1227 	 309
1228 	 314
1229 	 319
1230 	 324
1231 	 329
1232 	 334
1233 	 339
1234 	 344
1235 	 349
1236 	 354
1237 	 359
1238 	 364
1239 	 369
1240 	 374
1241 	 384
1242 	 394
1243 	 399
1244 	 404
1245 	 409
1246 	 414
1247 	 419
1248 	 424
1249 	 429
1250 	 434
1251 	 439
1252 	 449
1253 	 454
1254 	 459
1255 	 464
1256 	 469
1257 	 474
1258 	 479
1259 	 484
1260 	 489
1261 	 494
1262 	 499
1263 	 504
1264 	 509
1265 	 514
1266 	 519
1267 	 524
1268 	 529
1269 	 534
1270 	 539
1271 	 544
1272 	 549
1273 	 554
1274 	 559
1275 	 564
1276 	 569
1277 	 574
1278 	 579
1279 	 584
1280 	 589
1281 	 594
1282 	 599
1283 	 604
1284 	 614
1285 	 624
1286 	 2147483647
1287 	 2147483647
1288 	 2147483647
1289 	 2147483647
1290 	 267
1291 	 272
1292 	 282
1293 	 287
1294 	 292
1295 	 297
1296 	 317
1297 	 322
1298 	 327
1299 	 332
1300 	 337
1301 	 342
1302 	 347
1303 	 352
1304 	 357
1305 	 362
1306 	 367
1307 	 372
1308 	 377
1309 	 382
1310 	 387
1311 	 397
1312 	 402
1313 	 407
1314 	 412
1315 	 417
1316 	 422
1317 	 432
1318 	 437
1319 	 442
1320 	 447
1321 	 452
1322 	 457
1323 	 462
1324 	 467
1325 	 472
1326 	 482
1327 	 487
1328 	 492
1329 	 497
1330 	 502
1331 	 507
1332 	 512
1333 	 517
1334 	 522
1335 	 527
1336 	 532
1337 	 537
1338 	 542
1339 	 547
1340 	 552
1341 	 557
1342 	 562
1343 	 567
1344 	 572
1345 	 577
1346 	 582
1347 	 587
1348 	 592
1349 	 597
1350 	 602
1351 	 607
1352 	 612
1353 	 617
1354 	 622
1355 	 627
1356 	 637
1357 	 2147483647
1358 	 2147483647
1359 	 2147483647
1360 	 2147483647
1361 	 280
1362 	 285
1363 	 290
1364 	 295
1365 	 300
1366 	 305
1367 	 310
1368 	 315
1369 	 320
1370 	 325
1371 	 330
1372 	 335
1373 	 340
1374 	 345
1375 	 350
1376 	 355
1377 	 360
1378 	 365
1379 	 375
1380 	 380
1381 	 385
1382 	 390
1383 	 395
1384 	 400
1385 	 405
1386 	 410
1387 	 430
1388 	 435
1389 	 445
1390 	 450
1391 	 460
1392 	 480
1393 	 485
1394 	 495
1395 	 515
1396 	 520
1397 	 530
1398 	 535
1399 	 540
1400 	 560
1401 	 565
1402 	 570
1403 	 580
1404 	 590
1405 	 595
1406 	 600
1407 	 610
1408 	 615
1409 	 620
1410 	 625
1411 	 630
1412 	 635
1413 	 640
1414 	 645
1415 	 650
1416 	 2147483647
1417 	 2147483647
1418 	 2147483647
1419 	 293
1420 	 298
1421 	 303
1422 	 308
1423 	 313
1424 	 318
1425 	 323
1426 	 328
1427 	 333
1428 	 338
1429 	 343
1430 	 348
1431 	 353
1432 	 358
1433 	 363
1434 	 368
1435 	 373
1436 	 378
1437 	 388
1438 	 393
1439 	 398
1440 	 403
1441 	 408
1442 	 413
1443 	 423
1444 	 428
1445 	 433
1446 	 438
1447 	 443
1448 	 448
1449 	 453
1450 	 458
1451 	 463
1452 	 473
1453 	 478
1454 	 483
1455 	 488
1456 	 493
1457 	 498
1458 	 503
1459 	 508
1460 	 513
1461 	 518
1462 	 523
1463 	 528
1464 	 533
1465 	 543
1466 	 553
1467 	 558
1468 	 563
1469 	 568
1470 	 573
1471 	 578
1472 	 583
1473 	 593
1474 	 603
1475 	 613
1476 	 623
1477 	 628
1478 	 633
1479 	 643
1480 	 648
1481 	 653
1482 	 658
1483 	 663
1484 	 2147483647
1485 	 2147483647
1486 	 2147483647
1487 	 306
1488 	 311
1489 	 316
1490 	 321
1491 	 326
1492 	 331
1493 	 336
1494 	 341
1495 	 346
1496 	 351
1497 	 356
1498 	 361
1499 	 366
1500 	 371
1501 	 376
1502 	 381
1503 	 386
1504 	 391
1505 	 396
1506 	 401
1507 	 406
1508 	 411
1509 	 416
1510 	 421
1511 	 426
1512 	 436
1513 	 441
1514 	 461
1515 	 466
1516 	 471
1517 	 476
1518 	 481
1519 	 486
1520 	 491
1521 	 496
1522 	 501
1523 	 506
1524 	 511
1525 	 516
1526 	 521
1527 	 526
1528 	 531
1529 	 536
1530 	 541
1531 	 546
1532 	 551
1533 	 556
1534 	 566
1535 	 576
1536 	 581
1537 	 586
1538 	 591
1539 	 596
1540 	 601
1541 	 606
1542 	 611
1543 	 616
1544 	 626
1545 	 631
1546 	 636
1547 	 641
1548 	 646
1549 	 656
1550 	 661
1551 	 666
1552 	 671
1553 	 676
1554 	 2147483647
1555 	 2147483647
1556 	 2147483647
1557 	 2147483647
1558 	 319
1559 	 324
1560 	 329
1561 	 334
1562 	 339
1563 	 344
1564 	 349
1565 	 354
1566 	 359
1567 	 364
1568 	 369
1569 	 374
1570 	 379
1571 	 384
1572 	 389
1573 	 394
1574 	 399
1575 	 404
1576 	 409
1577 	 414
1578 	 419
1579 	 424
1580 	 434
1581 	 439
1582 	 444
1583 	 449
1584 	 454
1585 	 459
1586 	 464
1587 	 469
1588 	 474
1589 	 479
1590 	 489
1591 	 499
1592 	 519
1593 	 524
1594 	 534
1595 	 539
1596 	 544
1597 	 549
1598 	 554
1599 	 559
1600 	 564
1601 	 569
1602 	 574
1603 	 579
1604 	 589
1605 	 609
1606 	 614
1607 	 624
1608 	 629
1609 	 634
1610 	 639
1611 	 644
1612 	 649
1613 	 654
1614 	 659
1615 	 664
1616 	 669
1617 	 674
1618 	 679
1619 	 684
1620 	 689
1621 	 2147483647
1622 	 2147483647
1623 	 2147483647
1624 	 2147483647
1625 	 332
1626 	 337
1627 	 342
1628 	 347
1629 	 352
1630 	 357
1631 	 362
1632 	 367
1633 	 372
1634 	 377
1635 	 382
1636 	 387
1637 	 392
1638 	 397
1639 	 402
1640 	 407
1641 	 412
1642 	 417
1643 	 422
1644 	 427
1645 	 432
1646 	 437
1647 	 447
1648 	 452
1649 	 457
1650 	 462
1651 	 467
1652 	 472
1653 	 477
1654 	 482
1655 	 487
1656 	 492
1657 	 502
1658 	 512
1659 	 517
1660 	 522
1661 	 527
1662 	 532
1663 	 537
1664 	 547
1665 	 567
1666 	 572
1667 	 582
1668 	 592
1669 	 597
1670 	 602
1671 	 607
1672 	 612
1673 	 617
1674 	 622
1675 	 627
1676 	 637
1677 	 642
1678 	 647
1679 	 652
1680 	 657
1681 	 662
1682 	 667
1683 	 672
1684 	 677
1685 	 682
1686 	 687
1687 	 692
1688 	 697
1689 	 702
1690 	 2147483647
1691 	 2147483647
1692 	 2147483647
1693 	 2147483647
1694 	 345
1695 	 350
1696 	 355
1697 	 360
1698 	 365
1699 	 370
1700 	 375
1701 	 380
1702 	 385
1703 	 390
1704 	 395
1705 	 400
1706 	 405
1707 	 410
1708 	 415
1709 	 420
1710 	 425
1711 	 430
1712 	 435
1713 	 440
1714 	 445
1715 	 450
1716 	 455
1717 	 460
1718 	 465
1719 	 470
1720 	 475
1721 	 480
1722 	 485
1723 	 490
1724 	 495
1725 	 500
1726 	 505
1727 	 510
1728 	 515
1729 	 520
1730 	 525
1731 	 530
1732 	 535
1733 	 540
1734 	 545
1735 	 550
1736 	 555
1737 	 560
1738 	 565
1739 	 570
1740 	 575
1741 	 580
1742 	 585
1743 	 595
1744 	 605
1745 	 610
1746 	 615
1747 	 635
1748 	 640
1749 	 645
1750 	 650
1751 	 655
1752 	 675
1753 	 680
1754 	 690
1755 	 695
1756 	 700
1757 	 705
1758 	 710
1759 	 715
1760 	 2147483647
1761 	 2147483647
1762 	 2147483647
1763 	 358
1764 	 363
1765 	 368
1766 	 373
1767 	 378
1768 	 383
1769 	 388
1770 	 393
1771 	 398
1772 	 403
1773 	 408
1774 	 413
1775 	 418
1776 	 423
1777 	 428
1778 	 433
1779 	 438
1780 	 443
1781 	 448
1782 	 453
1783 	 458
1784 	 463
1785 	 468
1786 	 473
1787 	 478
1788 	 483
1789 	 488
1790 	 493
1791 	 498
1792 	 503
1793 	 508
1794 	 513
1795 	 518
1796 	 523
1797 	 528
1798 	 533
1799 	 538
1800 	 543
1801 	 548
1802 	 568
1803 	 573
1804 	 578
1805 	 583
1806 	 588
1807 	 593
1808 	 598
1809 	 603
1810 	 608
1811 	 613
1812 	 618
1813 	 623
1814 	 628
1815 	 633
1816 	 638
1817 	 643
1818 	 648
1819 	 653
1820 	 658
1821 	 663
1822 	 668
1823 	 673
1824 	 678
1825 	 683
1826 	 688
1827 	 693
1828 	 703
1829 	 723
1830 	 728
1831 	 2147483647
1832 	 2147483647
1833 	 2147483647
1834 	 371
1835 	 376
1836 	 381
1837 	 386
1838 	 391
1839 	 396
1840 	 401
1841 	 406
1842 	 411
1843 	 416
1844 	 421
1845 	 426
1846 	 431
1847 	 436
1848 	 441
1849 	 446
1850 	 451
1851 	 456
1852 	 461
1853 	 466
1854 	 471
1855 	 476
1856 	 481
1857 	 486
1858 	 491
1859 	 496
1860 	 501
1861 	 506
1862 	 511
1863 	 516
1864 	 521
1865 	 526
1866 	 531
1867 	 536
1868 	 541
1869 	 546
1870 	 551
1871 	 556
1872 	 561
1873 	 566
1874 	 571
1875 	 576
1876 	 581
1877 	 586
1878 	 596
1879 	 601
1880 	 606
1881 	 616
1882 	 621
1883 	 631
1884 	 636
1885 	 641
1886 	 646
1887 	 651
1888 	 661
1889 	 671
1890 	 676
1891 	 681
1892 	 686
1893 	 691
1894 	 696
1895 	 701
1896 	 706
1897 	 711
1898 	 716
1899 	 721
1900 	 726
1901 	 731
1902 	 736
1903 	 741
1904 	 2147483647
1905 	 2147483647
1906 	 2147483647
1907 	 384
1908 	 389
1909 	 394
1910 	 399
1911 	 404
1912 	 409
1913 	 419
1914 	 424
1915 	 429
1916 	 434
1917 	 439
1918 	 444
1919 	 449
1920 	 454
1921 	 459
1922 	 469
1923 	 474
1924 	 479
1925 	 484
1926 	 489
1927 	 499
1928 	 509
1929 	 514
1930 	 519
1931 	 524
1932 	 529
1933 	 534
1934 	 539
1935 	 544
1936 	 549
1937 	 554
1938 	 559
1939 	 564
1940 	 569
1941 	 574
1942 	 579
1943 	 584
1944 	 589
1945 	 599
1946 	 609
1947 	 614
1948 	 619
1949 	 629
1950 	 634
1951 	 644
1952 	 654
1953 	 664
1954 	 674
1955 	 684
1956 	 694
1957 	 704
1958 	 714
1959 	 724
1960 	 729
1961 	 734
1962 	 739
1963 	 744
1964 	 749
1965 	 2147483647
1966 	 2147483647
1967 	 2147483647
1968 	 397
1969 	 402
1970 	 407
1971 	 417
1972 	 422
1973 	 432
1974 	 437
1975 	 447
1976 	 457
1977 	 462
1978 	 467
1979 	 472
1980 	 482
1981 	 487
1982 	 492
1983 	 497
1984 	 502
1985 	 512
1986 	 522
1987 	 527
1988 	 532
1989 	 537
1990 	 542
1991 	 547
1992 	 552
1993 	 562
1994 	 567
1995 	 572
1996 	 577
1997 	 582
1998 	 592
1999 	 602
2000 	 612
2001 	 617
2002 	 622
2003 	 627
2004 	 632
2005 	 637
2006 	 642
2007 	 647
2008 	 652
2009 	 657
2010 	 667
2011 	 677
2012 	 682
2013 	 687
2014 	 692
2015 	 697
2016 	 707
2017 	 717
2018 	 727
2019 	 737
2020 	 742
2021 	 752
2022 	 762
2023 	 2147483647
2024 	 2147483647
2025 	 2147483647
2026 	 2147483647
2027 	 410
2028 	 420
2029 	 430
2030 	 435
2031 	 440
2032 	 445
2033 	 450
2034 	 460
2035 	 470
2036 	 475
2037 	 480
2038 	 485
2039 	 490
2040 	 495
2041 	 500
2042 	 505
2043 	 510
2044 	 515
2045 	 520
2046 	 525
2047 	 530
2048 	 535
2049 	 540
2050 	 545
2051 	 550
2052 	 555
2053 	 560
2054 	 565
2055 	 575
2056 	 580
2057 	 585
2058 	 590
2059 	 595
2060 	 605
2061 	 615
2062 	 620
2063 	 625
2064 	 630
2065 	 635
2066 	 640
2067 	 645
2068 	 650
2069 	 655
2070 	 660
2071 	 665
2072 	 670
2073 	 675
2074 	 680
2075 	 685
2076 	 690
2077 	 695
2078 	 700
2079 	 705
2080 	 710
2081 	 715
2082 	 720
2083 	 725
2084 	 730
2085 	 735
2086 	 740
2087 	 745
2088 	 750
2089 	 755
2090 	 765
2091 	 775
2092 	 780
2093 	 2147483647
2094 	 2147483647
2095 	 2147483647
2096 	 2147483647
2097 	 423
2098 	 433
2099 	 438
2100 	 443
2101 	 448
2102 	 453
2103 	 458
2104 	 463
2105 	 468
2106 	 473
2107 	 478
2108 	 483
2109 	 488
2110 	 493
2111 	 498
2112 	 503
2113 	 508
2114 	 513
2115 	 518
2116 	 523
2117 	 528
2118 	 533
2119 	 538
2120 	 543
2121 	 548
2122 	 553
2123 	 558
2124 	 563
2125 	 568
2126 	 573
2127 	 578
2128 	 583
2129 	 588
2130 	 593
2131 	 598
2132 	 603
2133 	 608
2134 	 613
2135 	 618
2136 	 623
2137 	 628
2138 	 633
2139 	 638
2140 	 648
2141 	 658
2142 	 663
2143 	 668
2144 	 673
2145 	 678
2146 	 683
2147 	 693
2148 	 698
2149 	 703
2150 	 708
2151 	 713
2152 	 723
2153 	 733
2154 	 738
2155 	 743
2156 	 748
2157 	 753
2158 	 758
2159 	 768
2160 	 773
2161 	 778
2162 	 783
2163 	 788
2164 	 793
2165 	 2147483647
2166 	 2147483647
2167 	 2147483647
2168 	 2147483647
2169 	 436
2170 	 441
2171 	 446
2172 	 451
2173 	 456
2174 	 461
2175 	 466
2176 	 471
2177 	 476
2178 	 481
2179 	 486
2180 	 491
2181 	 496
2182 	 501
2183 	 506
2184 	 511
2185 	 516
2186 	 521
2187 	 526
2188 	 531
2189 	 536
2190 	 541
2191 	 546
2192 	 551
2193 	 556
2194 	 561
2195 	 566
2196 	 571
2197 	 576
2198 	 581
2199 	 586
2200 	 591
2201 	 596
2202 	 601
2203 	 606
2204 	 611
2205 	 616
2206 	 621
2207 	 626
2208 	 631
2209 	 636
2210 	 641
2211 	 646
2212 	 651
2213 	 661
2214 	 671
2215 	 676
2216 	 681
2217 	 686
2218 	 691
2219 	 696
2220 	 706
2221 	 711
2222 	 716
2223 	 721
2224 	 726
2225 	 736
2226 	 746
2227 	 766
2228 	 771
2229 	 781
2230 	 786
2231 	 791
2232 	 796
2233 	 801
2234 	 806
2235 	 2147483647
2236 	 2147483647
2237 	 2147483647
2238 	 2147483647
2239 	 449
2240 	 454
2241 	 459
2242 	 464
2243 	 469
2244 	 474
2245 	 484
2246 	 489
2247 	 494
2248 	 499
2249 	 504
2250 	 509
2251 	 514
2252 	 519
2253 	 524
2254 	 529
2255 	 534
2256 	 539
2257 	 544
2258 	 549
2259 	 554
2260 	 559
2261 	 564
2262 	 569
2263 	 574
2264 	 579
2265 	 584
2266 	 589
2267 	 594
2268 	 599
2269 	 604
2270 	 609
2271 	 614
2272 	 619
2273 	 624
2274 	 634
2275 	 639
2276 	 644
2277 	 649
2278 	 654
2279 	 664
2280 	 669
2281 	 674
2282 	 679
2283 	 684
2284 	 689
2285 	 699
2286 	 709
2287 	 714
2288 	 719
2289 	 724
2290 	 729
2291 	 734
2292 	 739
2293 	 744
2294 	 749
2295 	 754
2296 	 759
2297 	 764
2298 	 769
2299 	 774
2300 	 779
2301 	 784
2302 	 789
2303 	 794
2304 	 799
2305 	 804
2306 	 809
2307 	 814
2308 	 819
2309 	 2147483647
2310 	 2147483647
2311 	 2147483647
2312 	 462
2313 	 467
2314 	 472
2315 	 477
2316 	 482
2317 	 487
2318 	 497
2319 	 502
2320 	 507
2321 	 512
2322 	 517
2323 	 522
2324 	 527
2325 	 532
2326 	 537
2327 	 542
2328 	 562
2329 	 567
2330 	 572
2331 	 577
2332 	 582
2333 	 587
2334 	 592
2335 	 597
2336 	 602
2337 	 607
2338 	 612
2339 	 617
2340 	 622
2341 	 627
2342 	 637
2343 	 647
2344 	 652
2345 	 657
2346 	 662
2347 	 667
2348 	 677
2349 	 697
2350 	 702
2351 	 712
2352 	 722
2353 	 742
2354 	 747
2355 	 767
2356 	 772
2357 	 777
2358 	 782
2359 	 787
2360 	 792
2361 	 797
2362 	 802
2363 	 812
2364 	 832
2365 	 2147483647
2366 	 2147483647
2367 	 2147483647
2368 	 475
2369 	 480
2370 	 485
2371 	 490
2372 	 495
2373 	 500
2374 	 505
2375 	 510
2376 	 520
2377 	 530
2378 	 540
2379 	 545
2380 	 550
2381 	 555
2382 	 560
2383 	 565
2384 	 570
2385 	 575
2386 	 580
2387 	 600
2388 	 605
2389 	 610
2390 	 615
2391 	 620
2392 	 625
2393 	 630
2394 	 635
2395 	 640
2396 	 650
2397 	 655
2398 	 660
2399 	 665
2400 	 670
2401 	 680
2402 	 685
2403 	 690
2404 	 695
2405 	 700
2406 	 705
2407 	 710
2408 	 715
2409 	 720
2410 	 725
2411 	 730
2412 	 735
2413 	 740
2414 	 745
2415 	 750
2416 	 755
2417 	 760
2418 	 765
2419 	 770
2420 	 775
2421 	 780
2422 	 800
2423 	 805
2424 	 815
2425 	 825
2426 	 830
2427 	 835
2428 	 840
2429 	 845
2430 	 2147483647
2431 	 2147483647
2432 	 2147483647
2433 	 2147483647
2434 	 488
2435 	 493
2436 	 498
2437 	 503
2438 	 508
2439 	 513
2440 	 518
2441 	 523
2442 	 533
2443 	 543
2444 	 553
2445 	 573
2446 	 578
2447 	 583
2448 	 588
2449 	 593
2450 	 598
2451 	 603
2452 	 608
2453 	 613
2454 	 618
2455 	 623
2456 	 628
2457 	 633
2458 	 638
2459 	 643
2460 	 648
2461 	 653
2462 	 658
2463 	 663
2464 	 668
2465 	 673
2466 	 678
2467 	 683
2468 	 693
2469 	 698
2470 	 703
2471 	 708
2472 	 713
2473 	 718
2474 	 723
2475 	 728
2476 	 733
2477 	 738
2478 	 743
2479 	 748
2480 	 758
2481 	 763
2482 	 768
2483 	 773
2484 	 778
2485 	 783
2486 	 793
2487 	 798
2488 	 803
2489 	 808
2490 	 813
2491 	 818
2492 	 828
2493 	 833
2494 	 838
2495 	 843
2496 	 848
2497 	 853
2498 	 858
2499 	 2147483647
2500 	 2147483647
2501 	 2147483647
2502 	 2147483647
2503 	 501
2504 	 506
2505 	 511
2506 	 516
2507 	 521
2508 	 526
2509 	 531
2510 	 536
2511 	 541
2512 	 546
2513 	 551
2514 	 556
2515 	 561
2516 	 566
2517 	 571
2518 	 576
2519 	 581
2520 	 586
2521 	 591
2522 	 596
2523 	 601
2524 	 606
2525 	 611
2526 	 616
2527 	 621
2528 	 626
2529 	 636
2530 	 641
2531 	 646
2532 	 651
2533 	 656
2534 	 661
2535 	 666
2536 	 671
2537 	 676
2538 	 681
2539 	 686
2540 	 691
2541 	 696
2542 	 701
2543 	 706
2544 	 711
2545 	 731
2546 	 736
2547 	 741
2548 	 746
2549 	 751
2550 	 756
2551 	 761
2552 	 771
2553 	 776
2554 	 781
2555 	 786
2556 	 791
2557 	 796
2558 	 806
2559 	 811
2560 	 816
2561 	 821
2562 	 826
2563 	 831
2564 	 836
2565 	 841
2566 	 851
2567 	 856
2568 	 861
2569 	 866
2570 	 871
2571 	 2147483647
2572 	 2147483647
2573 	 2147483647
2574 	 2147483647
2575 	 514
2576 	 519
2577 	 524
2578 	 529
2579 	 534
2580 	 539
2581 	 544
2582 	 549
2583 	 554
2584 	 559
2585 	 564
2586 	 569
2587 	 574
2588 	 579
2589 	 584
2590 	 589
2591 	 594
2592 	 599
2593 	 604
2594 	 609
2595 	 614
2596 	 619
2597 	 624
2598 	 629
2599 	 634
2600 	 639
2601 	 649
2602 	 654
2603 	 659
2604 	 664
2605 	 669
2606 	 674
2607 	 679
2608 	 684
2609 	 689
2610 	 694
2611 	 699
2612 	 704
2613 	 709
2614 	 714
2615 	 719
2616 	 724
2617 	 729
2618 	 734
2619 	 739
2620 	 744
2621 	 749
2622 	 754
2623 	 759
2624 	 764
2625 	 774
2626 	 779
2627 	 784
2628 	 804
2629 	 809
2630 	 814
2631 	 819
2632 	 829
2633 	 834
2634 	 839
2635 	 849
2636 	 854
2637 	 864
2638 	 869
2639 	 874
2640 	 879
2641 	 884
2642 	 2147483647
2643 	 2147483647
2644 	 2147483647
2645 	 2147483647
2646 	 532
2647 	 537
2648 	 542
2649 	 547
2650 	 552
2651 	 562
2652 	 567
2653 	 572
2654 	 577
2655 	 582
2656 	 587
2657 	 592
2658 	 597
2659 	 602
2660 	 607
2661 	 612
2662 	 617
2663 	 622
2664 	 627
2665 	 632
2666 	 637
2667 	 642
2668 	 647
2669 	 652
2670 	 657
2671 	 662
2672 	 667
2673 	 672
2674 	 677
2675 	 682
2676 	 687
2677 	 692
2678 	 697
2679 	 702
2680 	 707
2681 	 712
2682 	 717
2683 	 722
2684 	 732
2685 	 742
2686 	 747
2687 	 752
2688 	 757
2689 	 762
2690 	 767
2691 	 777
2692 	 787
2693 	 797
2694 	 802
2695 	 807
2696 	 812
2697 	 817
2698 	 822
2699 	 832
2700 	 842
2701 	 847
2702 	 852
2703 	 862
2704 	 867
2705 	 872
2706 	 877
2707 	 882
2708 	 887
2709 	 892
2710 	 897
2711 	 2147483647
2712 	 2147483647
2713 	 2147483647
2714 	 2147483647
2715 	 545
2716 	 550
2717 	 555
2718 	 560
2719 	 565
2720 	 575
2721 	 580
2722 	 585
2723 	 590
2724 	 595
2725 	 600
2726 	 605
2727 	 610
2728 	 615
2729 	 620
2730 	 625
2731 	 635
2732 	 640
2733 	 645
2734 	 650
2735 	 655
2736 	 660
2737 	 665
2738 	 670
2739 	 675
2740 	 680
2741 	 685
2742 	 690
2743 	 695
2744 	 700
2745 	 705
2746 	 710
2747 	 715
2748 	 720
2749 	 725
2750 	 730
2751 	 735
2752 	 745
2753 	 755
2754 	 760
2755 	 765
2756 	 770
2757 	 775
2758 	 780
2759 	 790
2760 	 795
2761 	 800
2762 	 810
2763 	 815
2764 	 820
2765 	 825
2766 	 835
2767 	 845
2768 	 850
2769 	 855
2770 	 860
2771 	 865
2772 	 870
2773 	 875
2774 	 880
2775 	 885
2776 	 890
2777 	 895
2778 	 900
2779 	 910
2780 	 2147483647
2781 	 2147483647
2782 	 2147483647
2783 	 2147483647
2784 	 2147483647
2785 	 558
2786 	 563
2787 	 568
2788 	 578
2789 	 583
2790 	 588
2791 	 593
2792 	 598
2793 	 603
2794 	 608
2795 	 613
2796 	 618
2797 	 623
2798 	 628
2799 	 633
2800 	 638
2801 	 648
2802 	 653
2803 	 658
2804 	 663
2805 	 668
2806 	 673
2807 	 678
2808 	 683
2809 	 688
2810 	 693
2811 	 698
2812 	 703
2813 	 708
2814 	 713
2815 	 723
2816 	 728
2817 	 733
2818 	 738
2819 	 743
2820 	 748
2821 	 753
2822 	 758
2823 	 763
2824 	 768
2825 	 773
2826 	 778
2827 	 783
2828 	 788
2829 	 793
2830 	 798
2831 	 803
2832 	 808
2833 	 813
2834 	 818
2835 	 823
2836 	 828
2837 	 833
2838 	 838
2839 	 848
2840 	 853
2841 	 858
2842 	 863
2843 	 868
2844 	 873
2845 	 878
2846 	 883
2847 	 888
2848 	 898
2849 	 908
2850 	 913
2851 	 923
2852 	 2147483647
2853 	 2147483647
2854 	 2147483647
2855 	 2147483647
2856 	 2147483647
2857 	 571
2858 	 576
2859 	 581
2860 	 591
2861 	 601
2862 	 611
2863 	 616
2864 	 621
2865 	 626
2866 	 631
2867 	 636
2868 	 641
2869 	 651
2870 	 656
2871 	 661
2872 	 666
2873 	 671
2874 	 676
2875 	 681
2876 	 691
2877 	 696
2878 	 701
2879 	 706
2880 	 711
2881 	 716
2882 	 721
2883 	 726
2884 	 736
2885 	 741
2886 	 746
2887 	 751
2888 	 756
2889 	 761
2890 	 766
2891 	 771
2892 	 776
2893 	 781
2894 	 786
2895 	 791
2896 	 796
2897 	 801
2898 	 806
2899 	 811
2900 	 816
2901 	 821
2902 	 826
2903 	 836
2904 	 841
2905 	 846
2906 	 851
2907 	 856
2908 	 861
2909 	 866
2910 	 871
2911 	 876
2912 	 896
2913 	 901
2914 	 911
2915 	 921
2916 	 926
2917 	 931
2918 	 936
2919 	 2147483647
2920 	 2147483647
2921 	 2147483647
2922 	 2147483647
2923 	 2147483647
2924 	 584
2925 	 589
2926 	 594
2927 	 599
2928 	 604
2929 	 614
2930 	 624
2931 	 629
2932 	 634
2933 	 639
2934 	 644
2935 	 649
2936 	 654
2937 	 664
2938 	 669
2939 	 674
2940 	 679
2941 	 684
2942 	 694
2943 	 704
2944 	 709
2945 	 714
2946 	 719
2947 	 724
2948 	 729
2949 	 734
2950 	 739
2951 	 744
2952 	 749
2953 	 754
2954 	 759
2955 	 764
2956 	 769
2957 	 774
2958 	 784
2959 	 789
2960 	 794
2961 	 799
2962 	 804
2963 	 809
2964 	 814
2965 	 819
2966 	 829
2967 	 839
2968 	 849
2969 	 854
2970 	 859
2971 	 864
2972 	 869
2973 	 879
2974 	 889
2975 	 894
2976 	 899
2977 	 904
2978 	 909
2979 	 914
2980 	 919
2981 	 924
2982 	 929
2983 	 934
2984 	 939
2985 	 944
2986 	 949
2987 	 2147483647
2988 	 2147483647
2989 	 597
2990 	 602
2991 	 607
2992 	 612
2993 	 617
2994 	 622
2995 	 627
2996 	 632
2997 	 637
2998 	 642
2999 	 647
3000 	 652
3001 	 657
3002 	 662
3003 	 667
3004 	 672
3005 	 677
3006 	 682
3007 	 687
3008 	 692
3009 	 697
3010 	 707
3011 	 712
3012 	 717
3013 	 722
3014 	 727
3015 	 732
3016 	 737
3017 	 742
3018 	 747
3019 	 752
3020 	 757
3021 	 762
3022 	 767
3023 	 772
3024 	 777
3025 	 782
3026 	 787
3027 	 797
3028 	 802
3029 	 807
3030 	 812
3031 	 817
3032 	 822
3033 	 827
3034 	 832
3035 	 842
3036 	 852
3037 	 857
3038 	 862
3039 	 867
3040 	 872
3041 	 877
3042 	 882
3043 	 892
3044 	 902
3045 	 907
3046 	 912
3047 	 917
3048 	 922
3049 	 932
3050 	 937
3051 	 942
3052 	 947
3053 	 952
3054 	 957
3055 	 962
3056 	 2147483647
3057 	 2147483647
3058 	 2147483647
3059 	 2147483647
3060 	 2147483647
3061 	 610
3062 	 615
3063 	 625
3064 	 630
3065 	 635
3066 	 640
3067 	 645
3068 	 650
3069 	 655
3070 	 660
3071 	 665
3072 	 670
3073 	 675
3074 	 680
3075 	 685
3076 	 690
3077 	 695
3078 	 700
3079 	 705
3080 	 710
3081 	 715
3082 	 720
3083 	 725
3084 	 730
3085 	 735
3086 	 740
3087 	 745
3088 	 750
3089 	 755
3090 	 760
3091 	 765
3092 	 770
3093 	 775
3094 	 780
3095 	 785
3096 	 790
3097 	 795
3098 	 800
3099 	 805
3100 	 810
3101 	 820
3102 	 825
3103 	 830
3104 	 835
3105 	 840
3106 	 845
3107 	 850
3108 	 855
3109 	 860
3110 	 865
3111 	 870
3112 	 875
3113 	 880
3114 	 885
3115 	 890
3116 	 895
3117 	 900
3118 	 905
3119 	 910
3120 	 915
3121 	 920
3122 	 925
3123 	 930
3124 	 935
3125 	 945
3126 	 950
3127 	 955
3128 	 960
3129 	 965
3130 	 970
3131 	 975
3132 	 2147483647
3133 	 2147483647
3134 	 2147483647
3135 	 2147483647
3136 	 2147483647
3137 	 628
3138 	 638
3139 	 658
3140 	 663
3141 	 673
3142 	 678
3143 	 683
3144 	 688
3145 	 693
3146 	 698
3147 	 708
3148 	 718
3149 	 723
3150 	 728
3151 	 733
3152 	 738
3153 	 743
3154 	 748
3155 	 753
3156 	 758
3157 	 763
3158 	 768
3159 	 773
3160 	 778
3161 	 783
3162 	 793
3163 	 798
3164 	 803
3165 	 808
3166 	 813
3167 	 818
3168 	 823
3169 	 833
3170 	 838
3171 	 843
3172 	 848
3173 	 853
3174 	 858
3175 	 863
3176 	 868
3177 	 873
3178 	 883
3179 	 888
3180 	 893
3181 	 898
3182 	 903
3183 	 908
3184 	 918
3185 	 923
3186 	 928
3187 	 933
3188 	 938
3189 	 943
3190 	 948
3191 	 953
3192 	 958
3193 	 978
3194 	 983
3195 	 988
3196 	 2147483647
3197 	 2147483647
3198 	 641
3199 	 646
3200 	 651
3201 	 656
3202 	 661
3203 	 666
3204 	 671
3205 	 676
3206 	 686
3207 	 706
3208 	 711
3209 	 721
3210 	 731
3211 	 736
3212 	 741
3213 	 746
3214 	 751
3215 	 756
3216 	 761
3217 	 766
3218 	 771
3219 	 776
3220 	 781
3221 	 786
3222 	 791
3223 	 796
3224 	 806
3225 	 811
3226 	 816
3227 	 821
3228 	 826
3229 	 831
3230 	 836
3231 	 841
3232 	 846
3233 	 851
3234 	 856
3235 	 861
3236 	 866
3237 	 871
3238 	 876
3239 	 881
3240 	 886
3241 	 896
3242 	 901
3243 	 906
3244 	 911
3245 	 916
3246 	 921
3247 	 931
3248 	 941
3249 	 946
3250 	 951
3251 	 956
3252 	 961
3253 	 966
3254 	 971
3255 	 976
3256 	 981
3257 	 986
3258 	 991
3259 	 996
3260 	 1001
3261 	 2147483647
3262 	 2147483647
3263 	 2147483647
3264 	 2147483647
3265 	 2147483647
3266 	 2147483647
3267 	 654
3268 	 659
3269 	 669
3270 	 679
3271 	 684
3272 	 689
3273 	 694
3274 	 699
3275 	 704
3276 	 709
3277 	 714
3278 	 719
3279 	 724
3280 	 729
3281 	 734
3282 	 739
3283 	 744
3284 	 749
3285 	 754
3286 	 759
3287 	 764
3288 	 769
3289 	 779
3290 	 784
3291 	 789
3292 	 794
3293 	 799
3294 	 804
3295 	 809
3296 	 814
3297 	 819
3298 	 824
3299 	 829
3300 	 834
3301 	 839
3302 	 844
3303 	 849
3304 	 854
3305 	 859
3306 	 864
3307 	 869
3308 	 874
3309 	 879
3310 	 884
3311 	 889
3312 	 894
3313 	 899
3314 	 904
3315 	 909
3316 	 914
3317 	 919
3318 	 924
3319 	 929
3320 	 934
3321 	 939
3322 	 944
3323 	 954
3324 	 959
3325 	 964
3326 	 969
3327 	 974
3328 	 979
3329 	 999
3330 	 1004
3331 	 1009
3332 	 1014
3333 	 2147483647
3334 	 2147483647
3335 	 2147483647
3336 	 2147483647
3337 	 2147483647
3338 	 667
3339 	 672
3340 	 682
3341 	 692
3342 	 697
3343 	 702
3344 	 707
3345 	 712
3346 	 717
3347 	 722
3348 	 727
3349 	 732
3350 	 737
3351 	 742
3352 	 747
3353 	 752
3354 	 757
3355 	 762
3356 	 767
3357 	 772
3358 	 777
3359 	 782
3360 	 792
3361 	 797
3362 	 802
3363 	 807
3364 	 812
3365 	 817
3366 	 822
3367 	 827
3368 	 832
3369 	 837
3370 	 842
3371 	 847
3372 	 852
3373 	 857
3374 	 862
3375 	 872
3376 	 877
3377 	 882
3378 	 887
3379 	 892
3380 	 912
3381 	 917
3382 	 922
3383 	 942
3384 	 947
3385 	 952
3386 	 957
3387 	 962
3388 	 967
3389 	 972
3390 	 982
3391 	 992
3392 	 997
3393 	 1002
3394 	 1007
3395 	 1012
3396 	 1017
3397 	 1027
3398 	 2147483647
3399 	 2147483647
3400 	 2147483647
3401 	 2147483647
3402 	 2147483647
3403 	 685
3404 	 690
3405 	 695
3406 	 700
3407 	 705
3408 	 710
3409 	 715
3410 	 720
3411 	 725
3412 	 735
3413 	 745
3414 	 755
3415 	 760
3416 	 765
3417 	 770
3418 	 775
3419 	 785
3420 	 790
3421 	 795
3422 	 800
3423 	 805
3424 	 810
3425 	 815
3426 	 820
3427 	 825
3428 	 830
3429 	 835
3430 	 840
3431 	 845
3432 	 855
3433 	 865
3434 	 875
3435 	 885
3436 	 890
3437 	 895
3438 	 900
3439 	 905
3440 	 910
3441 	 915
3442 	 920
3443 	 925
3444 	 930
3445 	 935
3446 	 940
3447 	 945
3448 	 950
3449 	 955
3450 	 960
3451 	 970
3452 	 975
3453 	 980
3454 	 985
3455 	 995
3456 	 1005
3457 	 1015
3458 	 1020
3459 	 1030
3460 	 1040
3461 	 2147483647
3462 	 2147483647
3463 	 2147483647
3464 	 2147483647
3465 	 2147483647
3466 	 2147483647
3467 	 698
3468 	 708
3469 	 713
3470 	 718
3471 	 723
3472 	 728
3473 	 733
3474 	 738
3475 	 748
3476 	 758
3477 	 768
3478 	 773
3479 	 778
3480 	 788
3481 	 798
3482 	 803
3483 	 808
3484 	 813
3485 	 818
3486 	 823
3487 	 828
3488 	 833
3489 	 838
3490 	 843
3491 	 848
3492 	 853
3493 	 858
3494 	 868
3495 	 878
3496 	 888
3497 	 893
3498 	 898
3499 	 903
3500 	 908
3501 	 913
3502 	 918
3503 	 923
3504 	 928
3505 	 933
3506 	 938
3507 	 943
3508 	 948
3509 	 953
3510 	 963
3511 	 973
3512 	 983
3513 	 988
3514 	 993
3515 	 998
3516 	 1003
3517 	 1008
3518 	 1013
3519 	 1018
3520 	 1028
3521 	 1033
3522 	 1043
3523 	 1048
