
Tempo total de execução: 10.000000 milissegundo(s).

0 	 2147483647
1 	 0
2 	 5
3 	 10
4 	 15
5 	 20
6 	 25
7 	 30
8 	 35
9 	 40
10 	 45
11 	 50
12 	 55
13 	 60
14 	 65
15 	 70
16 	 75
17 	 80
18 	 85
19 	 90
20 	 95
21 	 100
22 	 105
23 	 110
24 	 115
25 	 120
26 	 125
27 	 130
28 	 135
29 	 140
30 	 145
31 	 150
32 	 155
33 	 160
34 	 165
35 	 170
36 	 175
37 	 180
38 	 185
39 	 2147483647
40 	 2147483647
41 	 2147483647
42 	 2147483647
43 	 2147483647
44 	 2147483647
45 	 2147483647
46 	 2147483647
47 	 2147483647
48 	 2147483647
49 	 2147483647
50 	 2147483647
51 	 2147483647
52 	 2147483647
53 	 2147483647
54 	 2147483647
55 	 2147483647
56 	 2147483647
57 	 2147483647
58 	 2147483647
59 	 2147483647
60 	 2147483647
61 	 2147483647
62 	 2147483647
63 	 2147483647
64 	 2147483647
65 	 2147483647
66 	 13
67 	 18
68 	 23
69 	 28
70 	 33
71 	 38
72 	 43
73 	 48
74 	 53
75 	 58
76 	 63
77 	 73
78 	 78
79 	 83
80 	 88
81 	 93
82 	 98
83 	 103
84 	 108
85 	 113
86 	 118
87 	 123
88 	 128
89 	 133
90 	 138
91 	 143
92 	 148
93 	 153
94 	 158
95 	 163
96 	 168
97 	 173
98 	 178
99 	 183
100 	 188
101 	 193
102 	 198
103 	 2147483647
104 	 2147483647
105 	 2147483647
106 	 2147483647
107 	 2147483647
108 	 2147483647
109 	 2147483647
110 	 2147483647
111 	 2147483647
112 	 2147483647
113 	 2147483647
114 	 2147483647
115 	 2147483647
116 	 2147483647
117 	 2147483647
118 	 2147483647
119 	 2147483647
120 	 2147483647
121 	 2147483647
122 	 2147483647
123 	 2147483647
124 	 2147483647
125 	 2147483647
126 	 2147483647
127 	 2147483647
128 	 2147483647
129 	 2147483647
130 	 26
131 	 31
132 	 36
133 	 41
134 	 46
135 	 51
136 	 56
137 	 66
138 	 71
139 	 76
140 	 86
141 	 91
142 	 96
143 	 101
144 	 106
145 	 116
146 	 121
147 	 126
148 	 131
149 	 136
150 	 141
151 	 146
152 	 151
153 	 156
154 	 161
155 	 166
156 	 171
157 	 176
158 	 181
159 	 186
160 	 191
161 	 196
162 	 201
163 	 206
164 	 211
165 	 216
166 	 221
167 	 226
168 	 231
169 	 236
170 	 241
171 	 246
172 	 251
173 	 2147483647
174 	 2147483647
175 	 2147483647
176 	 2147483647
177 	 2147483647
178 	 2147483647
179 	 2147483647
180 	 2147483647
181 	 2147483647
182 	 2147483647
183 	 2147483647
184 	 2147483647
185 	 2147483647
186 	 2147483647
187 	 2147483647
188 	 2147483647
189 	 2147483647
190 	 2147483647
191 	 2147483647
192 	 2147483647
193 	 2147483647
194 	 39
195 	 49
196 	 54
197 	 59
198 	 64
199 	 69
200 	 79
201 	 84
202 	 89
203 	 94
204 	 99
205 	 104
206 	 109
207 	 114
208 	 119
209 	 129
210 	 134
211 	 139
212 	 144
213 	 149
214 	 154
215 	 159
216 	 164
217 	 169
218 	 174
219 	 179
220 	 184
221 	 189
222 	 194
223 	 199
224 	 204
225 	 214
226 	 219
227 	 224
228 	 229
229 	 234
230 	 239
231 	 244
232 	 249
233 	 254
234 	 259
235 	 264
236 	 2147483647
237 	 2147483647
238 	 2147483647
239 	 2147483647
240 	 2147483647
241 	 2147483647
242 	 2147483647
243 	 2147483647
244 	 2147483647
245 	 2147483647
246 	 2147483647
247 	 2147483647
248 	 2147483647
249 	 2147483647
250 	 2147483647
251 	 2147483647
252 	 2147483647
253 	 2147483647
254 	 2147483647
255 	 2147483647
256 	 2147483647
257 	 52
258 	 62
259 	 67
260 	 72
261 	 82
262 	 87
263 	 92
264 	 97
265 	 102
266 	 107
267 	 112
268 	 117
269 	 122
270 	 132
271 	 137
272 	 142
273 	 147
274 	 152
275 	 157
276 	 162
277 	 172
278 	 182
279 	 187
280 	 192
281 	 197
282 	 202
283 	 207
284 	 212
285 	 217
286 	 227
287 	 232
288 	 237
289 	 242
290 	 247
291 	 252
292 	 257
293 	 262
294 	 267
295 	 272
296 	 277
297 	 282
298 	 287
299 	 292
300 	 297
301 	 302
302 	 307
303 	 312
304 	 317
305 	 322
306 	 327
307 	 332
308 	 337
309 	 342
310 	 2147483647
311 	 2147483647
312 	 2147483647
313 	 2147483647
314 	 2147483647
315 	 2147483647
316 	 2147483647
317 	 2147483647
318 	 65
319 	 70
320 	 75
321 	 80
322 	 85
323 	 95
324 	 100
325 	 105
326 	 110
327 	 115
328 	 120
329 	 125
330 	 130
331 	 135
332 	 145
333 	 150
334 	 155
335 	 160
336 	 165
337 	 170
338 	 175
339 	 185
340 	 195
341 	 200
342 	 205
343 	 210
344 	 220
345 	 230
346 	 235
347 	 240
348 	 245
349 	 250
350 	 255
351 	 260
352 	 265
353 	 270
354 	 275
355 	 280
356 	 285
357 	 290
358 	 295
359 	 300
360 	 305
361 	 310
362 	 315
363 	 320
364 	 325
365 	 330
366 	 335
367 	 340
368 	 345
369 	 350
370 	 355
371 	 2147483647
372 	 2147483647
373 	 2147483647
374 	 2147483647
375 	 2147483647
376 	 2147483647
377 	 2147483647
378 	 2147483647
379 	 78
380 	 83
381 	 88
382 	 93
383 	 98
384 	 103
385 	 108
386 	 128
387 	 133
388 	 138
389 	 143
390 	 148
391 	 153
392 	 158
393 	 163
394 	 168
395 	 173
396 	 178
397 	 188
398 	 193
399 	 198
400 	 203
401 	 208
402 	 213
403 	 218
404 	 223
405 	 233
406 	 243
407 	 248
408 	 253
409 	 258
410 	 263
411 	 273
412 	 278
413 	 283
414 	 288
415 	 293
416 	 298
417 	 303
418 	 308
419 	 313
420 	 318
421 	 323
422 	 328
423 	 333
424 	 338
425 	 343
426 	 348
427 	 353
428 	 358
429 	 363
430 	 368
431 	 373
432 	 378
433 	 383
434 	 388
435 	 393
436 	 398
437 	 403
438 	 408
439 	 2147483647
440 	 91
441 	 96
442 	 101
443 	 106
444 	 111
445 	 116
446 	 121
447 	 126
448 	 131
449 	 136
450 	 141
451 	 146
452 	 151
453 	 156
454 	 161
455 	 166
456 	 171
457 	 176
458 	 181
459 	 191
460 	 201
461 	 206
462 	 211
463 	 216
464 	 221
465 	 231
466 	 236
467 	 241
468 	 246
469 	 251
470 	 256
471 	 261
472 	 266
473 	 271
474 	 276
475 	 286
476 	 291
477 	 296
478 	 301
479 	 306
480 	 311
481 	 316
482 	 321
483 	 326
484 	 331
485 	 336
486 	 341
487 	 346
488 	 351
489 	 356
490 	 361
491 	 366
492 	 371
493 	 376
494 	 381
495 	 386
496 	 391
497 	 396
498 	 401
499 	 406
500 	 411
501 	 416
502 	 421
503 	 426
504 	 431
505 	 104
506 	 109
507 	 114
508 	 119
509 	 124
510 	 129
511 	 134
512 	 139
513 	 144
514 	 149
515 	 154
516 	 159
517 	 164
518 	 169
519 	 174
520 	 184
521 	 189
522 	 194
523 	 204
524 	 209
525 	 214
526 	 219
527 	 224
528 	 229
529 	 234
530 	 244
531 	 249
532 	 254
533 	 259
534 	 264
535 	 269
536 	 274
537 	 279
538 	 284
539 	 289
540 	 294
541 	 299
542 	 304
543 	 309
544 	 314
545 	 319
546 	 324
547 	 329
548 	 334
549 	 339
550 	 344
551 	 349
552 	 354
553 	 359
554 	 364
555 	 374
556 	 379
557 	 384
558 	 389
559 	 394
560 	 399
561 	 404
562 	 409
563 	 414
564 	 419
565 	 424
566 	 429
567 	 434
568 	 439
569 	 444
570 	 117
571 	 122
572 	 127
573 	 132
574 	 137
575 	 142
576 	 147
577 	 152
578 	 157
579 	 162
580 	 167
581 	 172
582 	 177
583 	 182
584 	 187
585 	 197
586 	 202
587 	 207
588 	 212
589 	 217
590 	 222
591 	 227
592 	 232
593 	 237
594 	 247
595 	 252
596 	 257
597 	 262
598 	 267
599 	 272
600 	 277
601 	 282
602 	 287
603 	 292
604 	 297
605 	 302
606 	 307
607 	 312
608 	 317
609 	 322
610 	 327
611 	 332
612 	 337
613 	 342
614 	 347
615 	 352
616 	 357
617 	 362
618 	 367
619 	 372
620 	 377
621 	 387
622 	 392
623 	 397
624 	 402
625 	 407
626 	 417
627 	 422
628 	 427
629 	 432
630 	 437
631 	 442
632 	 130
633 	 135
634 	 140
635 	 145
636 	 150
637 	 160
638 	 165
639 	 170
640 	 175
641 	 180
642 	 185
643 	 190
644 	 195
645 	 200
646 	 205
647 	 210
648 	 215
649 	 220
650 	 225
651 	 230
652 	 235
653 	 240
654 	 250
655 	 260
656 	 265
657 	 270
658 	 275
659 	 280
660 	 285
661 	 290
662 	 295
663 	 300
664 	 305
665 	 310
666 	 315
667 	 320
668 	 325
669 	 335
670 	 340
671 	 345
672 	 350
673 	 355
674 	 360
675 	 370
676 	 375
677 	 380
678 	 385
679 	 390
680 	 395
681 	 400
682 	 405
683 	 410
684 	 415
685 	 420
686 	 430
687 	 435
688 	 440
689 	 445
690 	 450
691 	 455
692 	 460
693 	 465
694 	 470
695 	 143
696 	 148
697 	 153
698 	 158
699 	 163
700 	 173
701 	 178
702 	 183
703 	 188
704 	 193
705 	 198
706 	 203
707 	 208
708 	 213
709 	 218
710 	 223
711 	 228
712 	 233
713 	 238
714 	 243
715 	 248
716 	 253
717 	 263
718 	 268
719 	 273
720 	 278
721 	 283
722 	 288
723 	 293
724 	 298
725 	 303
726 	 308
727 	 313
728 	 318
729 	 323
730 	 328
731 	 333
732 	 338
733 	 348
734 	 353
735 	 358
736 	 368
737 	 373
738 	 383
739 	 388
740 	 393
741 	 398
742 	 403
743 	 408
744 	 413
745 	 418
746 	 423
747 	 428
748 	 433
749 	 438
750 	 443
751 	 448
752 	 453
753 	 458
754 	 463
755 	 468
756 	 473
757 	 478
758 	 483
759 	 156
760 	 161
761 	 166
762 	 176
763 	 181
764 	 186
765 	 191
766 	 196
767 	 201
768 	 206
769 	 211
770 	 216
771 	 221
772 	 226
773 	 231
774 	 236
775 	 241
776 	 246
777 	 251
778 	 256
779 	 261
780 	 266
781 	 271
782 	 276
783 	 281
784 	 286
785 	 291
786 	 296
787 	 301
788 	 306
789 	 311
790 	 316
791 	 321
792 	 326
793 	 331
794 	 336
795 	 341
796 	 346
797 	 351
798 	 356
799 	 361
800 	 366
801 	 371
802 	 381
803 	 386
804 	 391
805 	 396
806 	 401
807 	 406
808 	 411
809 	 416
810 	 421
811 	 431
812 	 436
813 	 441
814 	 446
815 	 451
816 	 456
817 	 461
818 	 466
819 	 471
820 	 476
821 	 481
822 	 486
823 	 491
824 	 496
825 	 2147483647
826 	 174
827 	 179
828 	 189
829 	 194
830 	 199
831 	 204
832 	 209
833 	 214
834 	 219
835 	 224
836 	 229
837 	 234
838 	 239
839 	 244
840 	 249
841 	 254
842 	 259
843 	 264
844 	 269
845 	 274
846 	 279
847 	 284
848 	 289
849 	 294
850 	 299
851 	 304
852 	 309
853 	 314
854 	 319
855 	 329
856 	 334
857 	 339
858 	 344
859 	 349
860 	 354
861 	 359
862 	 364
863 	 369
864 	 374
865 	 379
866 	 384
867 	 389
868 	 394
869 	 399
870 	 404
871 	 409
872 	 414
873 	 419
874 	 424
875 	 429
876 	 434
877 	 444
878 	 449
879 	 454
880 	 459
881 	 464
882 	 469
883 	 474
884 	 479
885 	 484
886 	 489
887 	 494
888 	 499
889 	 504
890 	 509
891 	 2147483647
892 	 187
893 	 192
894 	 197
895 	 202
896 	 207
897 	 212
898 	 217
899 	 222
900 	 227
901 	 232
902 	 237
903 	 257
904 	 262
905 	 267
906 	 272
907 	 282
908 	 292
909 	 302
910 	 307
911 	 312
912 	 317
913 	 322
914 	 332
915 	 342
916 	 347
917 	 352
918 	 357
919 	 362
920 	 367
921 	 372
922 	 377
923 	 382
924 	 387
925 	 392
926 	 397
927 	 402
928 	 407
929 	 412
930 	 417
931 	 422
932 	 427
933 	 432
934 	 437
935 	 442
936 	 447
937 	 452
938 	 457
939 	 462
940 	 467
941 	 472
942 	 477
943 	 482
944 	 487
945 	 492
946 	 497
947 	 502
948 	 507
949 	 512
950 	 517
951 	 522
952 	 2147483647
953 	 200
954 	 205
955 	 210
956 	 215
957 	 220
958 	 225
959 	 230
960 	 235
961 	 240
962 	 245
963 	 250
964 	 255
965 	 260
966 	 265
967 	 270
968 	 275
969 	 280
970 	 285
971 	 295
972 	 305
973 	 315
974 	 320
975 	 325
976 	 330
977 	 335
978 	 345
979 	 350
980 	 355
981 	 360
982 	 365
983 	 370
984 	 375
985 	 380
986 	 385
987 	 390
988 	 395
989 	 400
990 	 405
991 	 410
992 	 415
993 	 420
994 	 425
995 	 430
996 	 435
997 	 440
998 	 445
999 	 450
1000 	 455
1001 	 460
1002 	 465
1003 	 470
1004 	 475
1005 	 480
1006 	 485
1007 	 490
1008 	 495
1009 	 500
1010 	 505
1011 	 510
1012 	 515
1013 	 520
1014 	 525
1015 	 530
1016 	 535
1017 	 2147483647
1018 	 213
1019 	 218
1020 	 223
1021 	 228
1022 	 233
1023 	 238
1024 	 243
1025 	 248
1026 	 253
1027 	 258
1028 	 263
1029 	 268
1030 	 273
1031 	 278
1032 	 283
1033 	 288
1034 	 293
1035 	 298
1036 	 303
1037 	 308
1038 	 313
1039 	 318
1040 	 323
1041 	 328
1042 	 333
1043 	 338
1044 	 343
1045 	 348
1046 	 353
1047 	 358
1048 	 363
1049 	 368
1050 	 373
1051 	 378
1052 	 383
1053 	 388
1054 	 393
1055 	 398
1056 	 403
1057 	 408
1058 	 413
1059 	 418
1060 	 423
1061 	 428
1062 	 433
1063 	 438
1064 	 443
1065 	 448
1066 	 453
1067 	 458
1068 	 463
1069 	 468
1070 	 473
1071 	 478
1072 	 483
1073 	 488
1074 	 493
1075 	 498
1076 	 503
1077 	 508
1078 	 513
1079 	 518
1080 	 523
1081 	 528
1082 	 533
1083 	 538
1084 	 543
1085 	 548
1086 	 226
1087 	 231
1088 	 236
1089 	 246
1090 	 251
1091 	 256
1092 	 261
1093 	 266
1094 	 271
1095 	 276
1096 	 281
1097 	 286
1098 	 291
1099 	 296
1100 	 301
1101 	 306
1102 	 311
1103 	 316
1104 	 321
1105 	 326
1106 	 331
1107 	 336
1108 	 341
1109 	 346
1110 	 351
1111 	 356
1112 	 361
1113 	 366
1114 	 371
1115 	 376
1116 	 381
1117 	 386
1118 	 391
1119 	 396
1120 	 401
1121 	 406
1122 	 416
1123 	 421
1124 	 426
1125 	 431
1126 	 436
1127 	 441
1128 	 451
1129 	 456
1130 	 461
1131 	 466
1132 	 471
1133 	 476
1134 	 481
1135 	 486
1136 	 491
1137 	 496
1138 	 501
1139 	 506
1140 	 511
1141 	 516
1142 	 521
1143 	 526
1144 	 531
1145 	 536
1146 	 541
1147 	 546
1148 	 551
1149 	 556
1150 	 561
1151 	 239
1152 	 244
1153 	 249
1154 	 259
1155 	 264
1156 	 269
1157 	 274
1158 	 279
1159 	 284
1160 	 289
1161 	 294
1162 	 299
1163 	 304
1164 	 309
1165 	 314
1166 	 324
1167 	 329
1168 	 334
1169 	 339
1170 	 344
1171 	 349
1172 	 354
1173 	 359
1174 	 364
1175 	 369
1176 	 374
1177 	 379
1178 	 384
1179 	 389
1180 	 394
1181 	 399
1182 	 404
1183 	 409
1184 	 414
1185 	 419
1186 	 429
1187 	 439
1188 	 444
1189 	 449
1190 	 454
1191 	 464
1192 	 469
1193 	 474
1194 	 479
1195 	 484
1196 	 489
1197 	 494
1198 	 499
1199 	 504
1200 	 509
1201 	 514
1202 	 519
1203 	 524
1204 	 529
1205 	 534
1206 	 539
1207 	 544
1208 	 549
1209 	 554
1210 	 559
1211 	 564
1212 	 569
1213 	 574
1214 	 2147483647
1215 	 252
1216 	 257
1217 	 262
1218 	 267
1219 	 272
1220 	 277
1221 	 282
1222 	 287
1223 	 292
1224 	 297
1225 	 302
1226 	 307
1227 	 312
1228 	 317
1229 	 322
1230 	 327
1231 	 337
1232 	 342
1233 	 347
1234 	 352
1235 	 357
1236 	 362
1237 	 367
1238 	 372
1239 	 377
1240 	 382
1241 	 387
1242 	 392
1243 	 397
1244 	 402
1245 	 407
1246 	 412
1247 	 417
1248 	 422
1249 	 427
1250 	 432
1251 	 437
1252 	 442
1253 	 452
1254 	 457
1255 	 462
1256 	 467
1257 	 472
1258 	 477
1259 	 482
1260 	 487
1261 	 492
1262 	 497
1263 	 502
1264 	 507
1265 	 512
1266 	 517
1267 	 522
1268 	 527
1269 	 532
1270 	 537
1271 	 542
1272 	 547
1273 	 552
1274 	 557
1275 	 562
1276 	 567
1277 	 572
1278 	 577
1279 	 582
1280 	 587
1281 	 2147483647
1282 	 265
1283 	 270
1284 	 275
1285 	 280
1286 	 285
1287 	 290
1288 	 295
1289 	 300
1290 	 305
1291 	 310
1292 	 315
1293 	 320
1294 	 325
1295 	 330
1296 	 335
1297 	 340
1298 	 345
1299 	 350
1300 	 360
1301 	 365
1302 	 370
1303 	 375
1304 	 380
1305 	 385
1306 	 390
1307 	 395
1308 	 400
1309 	 405
1310 	 410
1311 	 415
1312 	 420
1313 	 425
1314 	 430
1315 	 435
1316 	 440
1317 	 445
1318 	 450
1319 	 455
1320 	 460
1321 	 465
1322 	 470
1323 	 475
1324 	 480
1325 	 485
1326 	 490
1327 	 495
1328 	 500
1329 	 505
1330 	 510
1331 	 515
1332 	 520
1333 	 525
1334 	 530
1335 	 535
1336 	 540
1337 	 545
1338 	 550
1339 	 555
1340 	 560
1341 	 565
1342 	 570
1343 	 575
1344 	 580
1345 	 585
1346 	 590
1347 	 595
1348 	 600
1349 	 278
1350 	 283
1351 	 288
1352 	 293
1353 	 298
1354 	 303
1355 	 308
1356 	 313
1357 	 318
1358 	 323
1359 	 328
1360 	 333
1361 	 338
1362 	 343
1363 	 348
1364 	 353
1365 	 358
1366 	 363
1367 	 373
1368 	 383
1369 	 388
1370 	 393
1371 	 398
1372 	 403
1373 	 408
1374 	 413
1375 	 418
1376 	 423
1377 	 428
1378 	 433
1379 	 438
1380 	 448
1381 	 453
1382 	 458
1383 	 468
1384 	 473
1385 	 478
1386 	 483
1387 	 488
1388 	 493
1389 	 498
1390 	 503
1391 	 508
1392 	 513
1393 	 518
1394 	 523
1395 	 528
1396 	 533
1397 	 538
1398 	 543
1399 	 548
1400 	 553
1401 	 563
1402 	 573
1403 	 578
1404 	 583
1405 	 588
1406 	 593
1407 	 598
1408 	 603
1409 	 608
1410 	 613
1411 	 291
1412 	 296
1413 	 306
1414 	 311
1415 	 316
1416 	 321
1417 	 326
1418 	 331
1419 	 336
1420 	 341
1421 	 346
1422 	 351
1423 	 356
1424 	 361
1425 	 366
1426 	 376
1427 	 381
1428 	 386
1429 	 396
1430 	 401
1431 	 406
1432 	 416
1433 	 421
1434 	 426
1435 	 431
1436 	 436
1437 	 441
1438 	 446
1439 	 451
1440 	 461
1441 	 466
1442 	 471
1443 	 481
1444 	 486
1445 	 491
1446 	 496
1447 	 501
1448 	 506
1449 	 511
1450 	 516
1451 	 521
1452 	 526
1453 	 531
1454 	 536
1455 	 541
1456 	 546
1457 	 551
1458 	 556
1459 	 561
1460 	 566
1461 	 576
1462 	 586
1463 	 591
1464 	 596
1465 	 601
1466 	 606
1467 	 611
1468 	 616
1469 	 626
1470 	 2147483647
1471 	 304
1472 	 309
1473 	 319
1474 	 324
1475 	 329
1476 	 334
1477 	 339
1478 	 344
1479 	 349
1480 	 354
1481 	 359
1482 	 364
1483 	 369
1484 	 374
1485 	 379
1486 	 389
1487 	 394
1488 	 399
1489 	 404
1490 	 409
1491 	 414
1492 	 419
1493 	 429
1494 	 434
1495 	 439
1496 	 444
1497 	 449
1498 	 454
1499 	 459
1500 	 464
1501 	 469
1502 	 474
1503 	 479
1504 	 484
1505 	 489
1506 	 494
1507 	 499
1508 	 504
1509 	 509
1510 	 514
1511 	 519
1512 	 524
1513 	 529
1514 	 534
1515 	 539
1516 	 544
1517 	 549
1518 	 554
1519 	 559
1520 	 564
1521 	 569
1522 	 574
1523 	 579
1524 	 584
1525 	 589
1526 	 594
1527 	 599
1528 	 604
1529 	 609
1530 	 614
1531 	 619
1532 	 624
1533 	 629
1534 	 639
1535 	 2147483647
1536 	 317
1537 	 322
1538 	 327
1539 	 332
1540 	 337
1541 	 342
1542 	 347
1543 	 352
1544 	 357
1545 	 362
1546 	 367
1547 	 372
1548 	 377
1549 	 382
1550 	 387
1551 	 392
1552 	 397
1553 	 402
1554 	 407
1555 	 412
1556 	 417
1557 	 422
1558 	 432
1559 	 437
1560 	 442
1561 	 447
1562 	 452
1563 	 457
1564 	 462
1565 	 467
1566 	 472
1567 	 477
1568 	 482
1569 	 487
1570 	 492
1571 	 497
1572 	 502
1573 	 507
1574 	 512
1575 	 517
1576 	 522
1577 	 527
1578 	 532
1579 	 537
1580 	 542
1581 	 547
1582 	 552
1583 	 557
1584 	 567
1585 	 572
1586 	 577
1587 	 582
1588 	 587
1589 	 592
1590 	 597
1591 	 602
1592 	 607
1593 	 612
1594 	 617
1595 	 622
1596 	 627
1597 	 632
1598 	 637
1599 	 642
1600 	 647
1601 	 652
1602 	 2147483647
1603 	 2147483647
1604 	 335
1605 	 340
1606 	 345
1607 	 350
1608 	 355
1609 	 360
1610 	 365
1611 	 370
1612 	 375
1613 	 385
1614 	 390
1615 	 395
1616 	 400
1617 	 405
1618 	 410
1619 	 415
1620 	 420
1621 	 425
1622 	 430
1623 	 435
1624 	 445
1625 	 450
1626 	 455
1627 	 460
1628 	 465
1629 	 470
1630 	 475
1631 	 480
1632 	 485
1633 	 490
1634 	 500
1635 	 505
1636 	 510
1637 	 515
1638 	 520
1639 	 525
1640 	 530
1641 	 535
1642 	 540
1643 	 545
1644 	 550
1645 	 560
1646 	 565
1647 	 570
1648 	 580
1649 	 585
1650 	 590
1651 	 595
1652 	 600
1653 	 605
1654 	 615
1655 	 620
1656 	 625
1657 	 630
1658 	 635
1659 	 640
1660 	 645
1661 	 650
1662 	 655
1663 	 660
1664 	 665
1665 	 2147483647
1666 	 2147483647
1667 	 348
1668 	 358
1669 	 363
1670 	 368
1671 	 373
1672 	 378
1673 	 383
1674 	 388
1675 	 398
1676 	 408
1677 	 413
1678 	 418
1679 	 438
1680 	 443
1681 	 448
1682 	 453
1683 	 458
1684 	 463
1685 	 468
1686 	 473
1687 	 478
1688 	 483
1689 	 488
1690 	 493
1691 	 498
1692 	 503
1693 	 513
1694 	 518
1695 	 523
1696 	 528
1697 	 533
1698 	 538
1699 	 543
1700 	 548
1701 	 553
1702 	 558
1703 	 563
1704 	 573
1705 	 578
1706 	 583
1707 	 588
1708 	 593
1709 	 598
1710 	 603
1711 	 608
1712 	 613
1713 	 618
1714 	 628
1715 	 633
1716 	 638
1717 	 643
1718 	 648
1719 	 658
1720 	 663
1721 	 668
1722 	 673
1723 	 678
1724 	 2147483647
1725 	 2147483647
1726 	 361
1727 	 371
1728 	 376
1729 	 381
1730 	 386
1731 	 391
1732 	 396
1733 	 401
1734 	 406
1735 	 411
1736 	 421
1737 	 431
1738 	 436
1739 	 441
1740 	 446
1741 	 451
1742 	 456
1743 	 461
1744 	 466
1745 	 471
1746 	 476
1747 	 481
1748 	 486
1749 	 496
1750 	 501
1751 	 506
1752 	 511
1753 	 516
1754 	 521
1755 	 526
1756 	 531
1757 	 536
1758 	 541
1759 	 546
1760 	 551
1761 	 556
1762 	 561
1763 	 566
1764 	 571
1765 	 576
1766 	 581
1767 	 586
1768 	 591
1769 	 596
1770 	 601
1771 	 606
1772 	 611
1773 	 616
1774 	 621
1775 	 631
1776 	 636
1777 	 641
1778 	 646
1779 	 651
1780 	 656
1781 	 661
1782 	 671
1783 	 681
1784 	 686
1785 	 691
1786 	 2147483647
1787 	 2147483647
1788 	 374
1789 	 379
1790 	 384
1791 	 389
1792 	 394
1793 	 399
1794 	 404
1795 	 409
1796 	 414
1797 	 419
1798 	 424
1799 	 429
1800 	 434
1801 	 444
1802 	 449
1803 	 454
1804 	 459
1805 	 464
1806 	 469
1807 	 474
1808 	 479
1809 	 484
1810 	 489
1811 	 494
1812 	 499
1813 	 509
1814 	 514
1815 	 519
1816 	 524
1817 	 529
1818 	 534
1819 	 539
1820 	 544
1821 	 549
1822 	 559
1823 	 564
1824 	 569
1825 	 574
1826 	 579
1827 	 584
1828 	 589
1829 	 594
1830 	 599
1831 	 604
1832 	 614
1833 	 619
1834 	 624
1835 	 629
1836 	 634
1837 	 644
1838 	 649
1839 	 654
1840 	 659
1841 	 664
1842 	 669
1843 	 674
1844 	 679
1845 	 684
1846 	 694
1847 	 699
1848 	 704
1849 	 2147483647
1850 	 2147483647
1851 	 387
1852 	 392
1853 	 397
1854 	 402
1855 	 407
1856 	 417
1857 	 422
1858 	 427
1859 	 432
1860 	 437
1861 	 442
1862 	 447
1863 	 452
1864 	 457
1865 	 462
1866 	 467
1867 	 472
1868 	 477
1869 	 482
1870 	 487
1871 	 492
1872 	 497
1873 	 502
1874 	 507
1875 	 512
1876 	 517
1877 	 522
1878 	 527
1879 	 532
1880 	 537
1881 	 542
1882 	 547
1883 	 552
1884 	 557
1885 	 562
1886 	 572
1887 	 577
1888 	 582
1889 	 587
1890 	 592
1891 	 602
1892 	 607
1893 	 612
1894 	 617
1895 	 627
1896 	 632
1897 	 637
1898 	 642
1899 	 647
1900 	 652
1901 	 657
1902 	 662
1903 	 667
1904 	 672
1905 	 682
1906 	 687
1907 	 692
1908 	 697
1909 	 702
1910 	 707
1911 	 717
1912 	 2147483647
1913 	 2147483647
1914 	 400
1915 	 405
1916 	 415
1917 	 420
1918 	 430
1919 	 435
1920 	 440
1921 	 445
1922 	 450
1923 	 460
1924 	 465
1925 	 470
1926 	 475
1927 	 480
1928 	 485
1929 	 490
1930 	 495
1931 	 500
1932 	 505
1933 	 510
1934 	 515
1935 	 520
1936 	 525
1937 	 530
1938 	 535
1939 	 540
1940 	 545
1941 	 550
1942 	 555
1943 	 560
1944 	 565
1945 	 570
1946 	 575
1947 	 580
1948 	 585
1949 	 595
1950 	 605
1951 	 615
1952 	 620
1953 	 625
1954 	 630
1955 	 635
1956 	 640
1957 	 645
1958 	 650
1959 	 655
1960 	 660
1961 	 665
1962 	 670
1963 	 675
1964 	 680
1965 	 685
1966 	 695
1967 	 700
1968 	 705
1969 	 710
1970 	 715
1971 	 720
1972 	 730
1973 	 2147483647
1974 	 2147483647
1975 	 413
1976 	 418
1977 	 428
1978 	 433
1979 	 438
1980 	 443
1981 	 448
1982 	 453
1983 	 458
1984 	 463
1985 	 473
1986 	 478
1987 	 483
1988 	 488
1989 	 493
1990 	 498
1991 	 503
1992 	 523
1993 	 528
1994 	 533
1995 	 538
1996 	 543
1997 	 548
1998 	 553
1999 	 558
2000 	 563
2001 	 568
2002 	 573
2003 	 578
2004 	 583
2005 	 588
2006 	 593
2007 	 598
2008 	 608
2009 	 618
2010 	 623
2011 	 628
2012 	 633
2013 	 638
2014 	 643
2015 	 648
2016 	 653
2017 	 658
2018 	 663
2019 	 668
2020 	 673
2021 	 678
2022 	 683
2023 	 688
2024 	 693
2025 	 698
2026 	 703
2027 	 708
2028 	 713
2029 	 718
2030 	 723
2031 	 728
2032 	 733
2033 	 738
2034 	 743
2035 	 2147483647
2036 	 2147483647
2037 	 426
2038 	 431
2039 	 436
2040 	 441
2041 	 446
2042 	 451
2043 	 456
2044 	 461
2045 	 466
2046 	 471
2047 	 476
2048 	 481
2049 	 486
2050 	 491
2051 	 496
2052 	 501
2053 	 506
2054 	 511
2055 	 516
2056 	 521
2057 	 526
2058 	 531
2059 	 536
2060 	 541
2061 	 546
2062 	 551
2063 	 556
2064 	 561
2065 	 566
2066 	 571
2067 	 576
2068 	 581
2069 	 586
2070 	 591
2071 	 596
2072 	 601
2073 	 606
2074 	 611
2075 	 616
2076 	 621
2077 	 626
2078 	 631
2079 	 636
2080 	 641
2081 	 646
2082 	 651
2083 	 656
2084 	 661
2085 	 666
2086 	 671
2087 	 676
2088 	 681
2089 	 686
2090 	 691
2091 	 696
2092 	 701
2093 	 706
2094 	 711
2095 	 716
2096 	 721
2097 	 726
2098 	 731
2099 	 736
2100 	 741
2101 	 746
2102 	 751
2103 	 756
2104 	 2147483647
2105 	 2147483647
2106 	 439
2107 	 444
2108 	 449
2109 	 454
2110 	 459
2111 	 464
2112 	 469
2113 	 474
2114 	 479
2115 	 484
2116 	 489
2117 	 494
2118 	 499
2119 	 504
2120 	 509
2121 	 514
2122 	 519
2123 	 524
2124 	 529
2125 	 534
2126 	 539
2127 	 544
2128 	 549
2129 	 554
2130 	 559
2131 	 564
2132 	 569
2133 	 579
2134 	 584
2135 	 589
2136 	 594
2137 	 599
2138 	 604
2139 	 609
2140 	 614
2141 	 619
2142 	 624
2143 	 629
2144 	 634
2145 	 639
2146 	 644
2147 	 649
2148 	 654
2149 	 659
2150 	 664
2151 	 669
2152 	 674
2153 	 679
2154 	 684
2155 	 689
2156 	 694
2157 	 699
2158 	 704
2159 	 709
2160 	 714
2161 	 719
2162 	 724
2163 	 729
2164 	 734
2165 	 739
2166 	 744
2167 	 749
2168 	 754
2169 	 759
2170 	 764
2171 	 769
2172 	 2147483647
2173 	 2147483647
2174 	 452
2175 	 457
2176 	 462
2177 	 467
2178 	 472
2179 	 477
2180 	 482
2181 	 487
2182 	 492
2183 	 497
2184 	 502
2185 	 507
2186 	 512
2187 	 517
2188 	 522
2189 	 527
2190 	 532
2191 	 542
2192 	 547
2193 	 552
2194 	 557
2195 	 562
2196 	 567
2197 	 572
2198 	 577
2199 	 582
2200 	 592
2201 	 597
2202 	 602
2203 	 607
2204 	 612
2205 	 617
2206 	 622
2207 	 627
2208 	 632
2209 	 637
2210 	 642
2211 	 647
2212 	 652
2213 	 657
2214 	 662
2215 	 667
2216 	 672
2217 	 677
2218 	 682
2219 	 687
2220 	 692
2221 	 697
2222 	 702
2223 	 707
2224 	 712
2225 	 717
2226 	 722
2227 	 727
2228 	 732
2229 	 737
2230 	 742
2231 	 747
2232 	 752
2233 	 757
2234 	 762
2235 	 767
2236 	 772
2237 	 777
2238 	 782
2239 	 2147483647
2240 	 2147483647
2241 	 465
2242 	 470
2243 	 475
2244 	 480
2245 	 485
2246 	 490
2247 	 495
2248 	 500
2249 	 505
2250 	 510
2251 	 515
2252 	 520
2253 	 525
2254 	 530
2255 	 535
2256 	 540
2257 	 545
2258 	 555
2259 	 560
2260 	 565
2261 	 570
2262 	 575
2263 	 580
2264 	 585
2265 	 590
2266 	 595
2267 	 600
2268 	 605
2269 	 615
2270 	 620
2271 	 625
2272 	 630
2273 	 635
2274 	 640
2275 	 645
2276 	 650
2277 	 655
2278 	 660
2279 	 665
2280 	 670
2281 	 675
2282 	 680
2283 	 685
2284 	 690
2285 	 695
2286 	 700
2287 	 705
2288 	 710
2289 	 720
2290 	 725
2291 	 730
2292 	 735
2293 	 740
2294 	 745
2295 	 750
2296 	 755
2297 	 760
2298 	 765
2299 	 770
2300 	 775
2301 	 780
2302 	 785
2303 	 790
2304 	 795
2305 	 2147483647
2306 	 2147483647
2307 	 478
2308 	 488
2309 	 493
2310 	 498
2311 	 503
2312 	 508
2313 	 518
2314 	 523
2315 	 528
2316 	 533
2317 	 538
2318 	 543
2319 	 548
2320 	 553
2321 	 558
2322 	 563
2323 	 568
2324 	 573
2325 	 578
2326 	 583
2327 	 593
2328 	 598
2329 	 603
2330 	 608
2331 	 613
2332 	 618
2333 	 628
2334 	 633
2335 	 643
2336 	 653
2337 	 663
2338 	 668
2339 	 673
2340 	 693
2341 	 698
2342 	 703
2343 	 708
2344 	 713
2345 	 718
2346 	 723
2347 	 733
2348 	 738
2349 	 743
2350 	 748
2351 	 753
2352 	 758
2353 	 763
2354 	 768
2355 	 773
2356 	 778
2357 	 783
2358 	 788
2359 	 793
2360 	 798
2361 	 803
2362 	 808
2363 	 2147483647
2364 	 2147483647
2365 	 491
2366 	 501
2367 	 506
2368 	 511
2369 	 516
2370 	 521
2371 	 531
2372 	 536
2373 	 541
2374 	 546
2375 	 551
2376 	 556
2377 	 566
2378 	 571
2379 	 576
2380 	 581
2381 	 586
2382 	 591
2383 	 596
2384 	 606
2385 	 611
2386 	 616
2387 	 621
2388 	 626
2389 	 631
2390 	 636
2391 	 641
2392 	 646
2393 	 656
2394 	 666
2395 	 676
2396 	 681
2397 	 686
2398 	 706
2399 	 711
2400 	 716
2401 	 721
2402 	 731
2403 	 736
2404 	 741
2405 	 746
2406 	 751
2407 	 756
2408 	 761
2409 	 766
2410 	 771
2411 	 776
2412 	 781
2413 	 786
2414 	 791
2415 	 796
2416 	 801
2417 	 806
2418 	 811
2419 	 816
2420 	 821
2421 	 2147483647
2422 	 2147483647
2423 	 504
2424 	 509
2425 	 514
2426 	 519
2427 	 524
2428 	 529
2429 	 534
2430 	 539
2431 	 544
2432 	 549
2433 	 554
2434 	 559
2435 	 564
2436 	 569
2437 	 579
2438 	 584
2439 	 589
2440 	 594
2441 	 599
2442 	 604
2443 	 609
2444 	 614
2445 	 619
2446 	 624
2447 	 629
2448 	 634
2449 	 639
2450 	 644
2451 	 649
2452 	 654
2453 	 659
2454 	 664
2455 	 669
2456 	 674
2457 	 679
2458 	 684
2459 	 689
2460 	 694
2461 	 699
2462 	 719
2463 	 724
2464 	 729
2465 	 734
2466 	 744
2467 	 749
2468 	 754
2469 	 759
2470 	 764
2471 	 769
2472 	 774
2473 	 779
2474 	 784
2475 	 789
2476 	 794
2477 	 799
2478 	 804
2479 	 809
2480 	 814
2481 	 824
2482 	 829
2483 	 834
2484 	 2147483647
2485 	 2147483647
2486 	 517
2487 	 522
2488 	 527
2489 	 532
2490 	 537
2491 	 542
2492 	 547
2493 	 552
2494 	 557
2495 	 562
2496 	 567
2497 	 572
2498 	 577
2499 	 582
2500 	 587
2501 	 592
2502 	 597
2503 	 602
2504 	 607
2505 	 612
2506 	 617
2507 	 622
2508 	 627
2509 	 632
2510 	 637
2511 	 642
2512 	 647
2513 	 652
2514 	 657
2515 	 662
2516 	 667
2517 	 672
2518 	 677
2519 	 682
2520 	 687
2521 	 692
2522 	 697
2523 	 702
2524 	 707
2525 	 712
2526 	 732
2527 	 737
2528 	 742
2529 	 747
2530 	 752
2531 	 757
2532 	 762
2533 	 767
2534 	 772
2535 	 777
2536 	 782
2537 	 787
2538 	 792
2539 	 797
2540 	 802
2541 	 807
2542 	 812
2543 	 817
2544 	 822
2545 	 827
2546 	 837
2547 	 842
2548 	 847
2549 	 2147483647
2550 	 2147483647
2551 	 530
2552 	 535
2553 	 540
2554 	 545
2555 	 550
2556 	 555
2557 	 560
2558 	 565
2559 	 570
2560 	 575
2561 	 580
2562 	 585
2563 	 590
2564 	 595
2565 	 600
2566 	 605
2567 	 610
2568 	 615
2569 	 620
2570 	 625
2571 	 630
2572 	 635
2573 	 640
2574 	 645
2575 	 650
2576 	 655
2577 	 660
2578 	 665
2579 	 670
2580 	 675
2581 	 680
2582 	 685
2583 	 690
2584 	 695
2585 	 700
2586 	 705
2587 	 710
2588 	 715
2589 	 720
2590 	 725
2591 	 730
2592 	 735
2593 	 740
2594 	 745
2595 	 750
2596 	 755
2597 	 760
2598 	 765
2599 	 770
2600 	 775
2601 	 780
2602 	 785
2603 	 790
2604 	 795
2605 	 800
2606 	 805
2607 	 810
2608 	 815
2609 	 820
2610 	 825
2611 	 830
2612 	 835
2613 	 840
2614 	 845
2615 	 850
2616 	 855
2617 	 860
2618 	 2147483647
2619 	 2147483647
2620 	 543
2621 	 548
2622 	 553
2623 	 558
2624 	 563
2625 	 568
2626 	 573
2627 	 578
2628 	 583
2629 	 588
2630 	 593
2631 	 598
2632 	 603
2633 	 608
2634 	 613
2635 	 618
2636 	 623
2637 	 628
2638 	 633
2639 	 638
2640 	 643
2641 	 648
2642 	 653
2643 	 658
2644 	 663
2645 	 668
2646 	 673
2647 	 683
2648 	 688
2649 	 693
2650 	 698
2651 	 703
2652 	 708
2653 	 713
2654 	 718
2655 	 723
2656 	 728
2657 	 738
2658 	 743
2659 	 748
2660 	 753
2661 	 758
2662 	 763
2663 	 768
2664 	 773
2665 	 778
2666 	 783
2667 	 788
2668 	 793
2669 	 798
2670 	 803
2671 	 808
2672 	 813
2673 	 818
2674 	 823
2675 	 828
2676 	 833
2677 	 838
2678 	 843
2679 	 848
2680 	 853
2681 	 858
2682 	 863
2683 	 868
2684 	 873
2685 	 2147483647
2686 	 2147483647
2687 	 556
2688 	 561
2689 	 566
2690 	 571
2691 	 576
2692 	 581
2693 	 586
2694 	 591
2695 	 596
2696 	 601
2697 	 606
2698 	 611
2699 	 616
2700 	 621
2701 	 626
2702 	 631
2703 	 636
2704 	 641
2705 	 646
2706 	 651
2707 	 656
2708 	 661
2709 	 666
2710 	 671
2711 	 676
2712 	 681
2713 	 686
2714 	 696
2715 	 701
2716 	 706
2717 	 711
2718 	 716
2719 	 721
2720 	 726
2721 	 731
2722 	 736
2723 	 741
2724 	 751
2725 	 756
2726 	 761
2727 	 766
2728 	 771
2729 	 776
2730 	 781
2731 	 786
2732 	 791
2733 	 796
2734 	 801
2735 	 806
2736 	 811
2737 	 816
2738 	 821
2739 	 826
2740 	 831
2741 	 836
2742 	 841
2743 	 846
2744 	 851
2745 	 856
2746 	 866
2747 	 871
2748 	 876
2749 	 881
2750 	 886
2751 	 2147483647
2752 	 2147483647
2753 	 569
2754 	 574
2755 	 579
2756 	 584
2757 	 589
2758 	 594
2759 	 599
2760 	 604
2761 	 609
2762 	 614
2763 	 619
2764 	 624
2765 	 629
2766 	 634
2767 	 639
2768 	 644
2769 	 649
2770 	 654
2771 	 659
2772 	 664
2773 	 669
2774 	 674
2775 	 679
2776 	 684
2777 	 689
2778 	 694
2779 	 699
2780 	 704
2781 	 709
2782 	 714
2783 	 719
2784 	 724
2785 	 729
2786 	 734
2787 	 739
2788 	 744
2789 	 749
2790 	 754
2791 	 759
2792 	 764
2793 	 769
2794 	 774
2795 	 779
2796 	 784
2797 	 789
2798 	 794
2799 	 799
2800 	 804
2801 	 809
2802 	 814
2803 	 819
2804 	 824
2805 	 829
2806 	 834
2807 	 839
2808 	 844
2809 	 849
2810 	 854
2811 	 859
2812 	 864
2813 	 869
2814 	 879
2815 	 884
2816 	 889
2817 	 894
2818 	 899
2819 	 2147483647
2820 	 2147483647
2821 	 582
2822 	 587
2823 	 592
2824 	 597
2825 	 602
2826 	 607
2827 	 612
2828 	 617
2829 	 622
2830 	 627
2831 	 632
2832 	 637
2833 	 642
2834 	 647
2835 	 652
2836 	 657
2837 	 662
2838 	 667
2839 	 672
2840 	 677
2841 	 682
2842 	 687
2843 	 692
2844 	 697
2845 	 702
2846 	 707
2847 	 712
2848 	 717
2849 	 722
2850 	 742
2851 	 747
2852 	 752
2853 	 757
2854 	 762
2855 	 767
2856 	 772
2857 	 777
2858 	 782
2859 	 787
2860 	 792
2861 	 797
2862 	 802
2863 	 807
2864 	 812
2865 	 817
2866 	 822
2867 	 827
2868 	 832
2869 	 837
2870 	 842
2871 	 847
2872 	 852
2873 	 857
2874 	 862
2875 	 867
2876 	 872
2877 	 877
2878 	 882
2879 	 887
2880 	 892
2881 	 897
2882 	 902
2883 	 907
2884 	 912
2885 	 2147483647
2886 	 2147483647
2887 	 595
2888 	 605
2889 	 615
2890 	 620
2891 	 625
2892 	 630
2893 	 635
2894 	 640
2895 	 645
2896 	 650
2897 	 655
2898 	 660
2899 	 665
2900 	 670
2901 	 675
2902 	 680
2903 	 685
2904 	 690
2905 	 695
2906 	 700
2907 	 710
2908 	 715
2909 	 720
2910 	 725
2911 	 730
2912 	 735
2913 	 755
2914 	 760
2915 	 765
2916 	 770
2917 	 775
2918 	 780
2919 	 785
2920 	 790
2921 	 795
2922 	 800
2923 	 805
2924 	 810
2925 	 815
2926 	 820
2927 	 825
2928 	 830
2929 	 835
2930 	 840
2931 	 845
2932 	 850
2933 	 855
2934 	 860
2935 	 865
2936 	 870
2937 	 875
2938 	 880
2939 	 885
2940 	 890
2941 	 895
2942 	 900
2943 	 905
2944 	 910
2945 	 915
2946 	 920
2947 	 925
2948 	 2147483647
2949 	 2147483647
2950 	 608
2951 	 618
2952 	 628
2953 	 633
2954 	 638
2955 	 643
2956 	 648
2957 	 653
2958 	 658
2959 	 663
2960 	 668
2961 	 673
2962 	 678
2963 	 683
2964 	 688
2965 	 693
2966 	 698
2967 	 708
2968 	 713
2969 	 723
2970 	 728
2971 	 733
2972 	 738
2973 	 743
2974 	 748
2975 	 768
2976 	 773
2977 	 778
2978 	 783
2979 	 788
2980 	 793
2981 	 798
2982 	 803
2983 	 808
2984 	 813
2985 	 818
2986 	 823
2987 	 828
2988 	 833
2989 	 838
2990 	 843
2991 	 848
2992 	 853
2993 	 858
2994 	 863
2995 	 868
2996 	 873
2997 	 878
2998 	 883
2999 	 888
3000 	 893
3001 	 898
3002 	 903
3003 	 908
3004 	 913
3005 	 918
3006 	 923
3007 	 928
3008 	 933
3009 	 938
3010 	 2147483647
3011 	 2147483647
3012 	 621
3013 	 626
3014 	 631
3015 	 636
3016 	 641
3017 	 646
3018 	 651
3019 	 656
3020 	 661
3021 	 666
3022 	 671
3023 	 676
3024 	 681
3025 	 686
3026 	 691
3027 	 696
3028 	 701
3029 	 706
3030 	 711
3031 	 721
3032 	 726
3033 	 731
3034 	 736
3035 	 741
3036 	 746
3037 	 751
3038 	 756
3039 	 761
3040 	 781
3041 	 786
3042 	 791
3043 	 796
3044 	 801
3045 	 806
3046 	 811
3047 	 816
3048 	 821
3049 	 826
3050 	 831
3051 	 836
3052 	 841
3053 	 846
3054 	 851
3055 	 856
3056 	 861
3057 	 866
3058 	 871
3059 	 876
3060 	 881
3061 	 886
3062 	 891
3063 	 896
3064 	 901
3065 	 906
3066 	 911
3067 	 916
3068 	 921
3069 	 926
3070 	 931
3071 	 936
3072 	 941
3073 	 946
3074 	 951
3075 	 2147483647
3076 	 634
3077 	 639
3078 	 644
3079 	 649
3080 	 654
3081 	 659
3082 	 664
3083 	 669
3084 	 674
3085 	 679
3086 	 684
3087 	 689
3088 	 694
3089 	 699
3090 	 704
3091 	 709
3092 	 714
3093 	 719
3094 	 724
3095 	 729
3096 	 734
3097 	 739
3098 	 744
3099 	 749
3100 	 754
3101 	 759
3102 	 764
3103 	 769
3104 	 774
3105 	 779
3106 	 784
3107 	 789
3108 	 794
3109 	 799
3110 	 804
3111 	 809
3112 	 814
3113 	 819
3114 	 824
3115 	 829
3116 	 834
3117 	 839
3118 	 844
3119 	 849
3120 	 854
3121 	 859
3122 	 864
3123 	 869
3124 	 874
3125 	 879
3126 	 884
3127 	 889
3128 	 894
3129 	 899
3130 	 904
3131 	 909
3132 	 914
3133 	 919
3134 	 924
3135 	 929
3136 	 934
3137 	 939
3138 	 944
3139 	 949
3140 	 954
3141 	 959
3142 	 964
3143 	 2147483647
3144 	 647
3145 	 652
3146 	 657
3147 	 662
3148 	 667
3149 	 672
3150 	 677
3151 	 682
3152 	 687
3153 	 692
3154 	 697
3155 	 702
3156 	 707
3157 	 712
3158 	 717
3159 	 722
3160 	 727
3161 	 732
3162 	 737
3163 	 742
3164 	 747
3165 	 752
3166 	 757
3167 	 762
3168 	 767
3169 	 772
3170 	 777
3171 	 782
3172 	 787
3173 	 792
3174 	 797
3175 	 802
3176 	 807
3177 	 812
3178 	 817
3179 	 822
3180 	 827
3181 	 832
3182 	 837
3183 	 842
3184 	 847
3185 	 852
3186 	 857
3187 	 862
3188 	 867
3189 	 872
3190 	 877
3191 	 882
3192 	 887
3193 	 892
3194 	 897
3195 	 902
3196 	 907
3197 	 912
3198 	 917
3199 	 922
3200 	 927
3201 	 932
3202 	 937
3203 	 942
3204 	 947
3205 	 952
3206 	 957
3207 	 962
3208 	 967
3209 	 972
3210 	 977
3211 	 2147483647
3212 	 2147483647
3213 	 660
3214 	 665
3215 	 670
3216 	 675
3217 	 680
3218 	 685
3219 	 690
3220 	 695
3221 	 700
3222 	 705
3223 	 710
3224 	 715
3225 	 720
3226 	 725
3227 	 730
3228 	 735
3229 	 740
3230 	 745
3231 	 750
3232 	 755
3233 	 760
3234 	 765
3235 	 770
3236 	 775
3237 	 780
3238 	 785
3239 	 790
3240 	 795
3241 	 800
3242 	 805
3243 	 810
3244 	 815
3245 	 820
3246 	 825
3247 	 830
3248 	 835
3249 	 840
3250 	 845
3251 	 850
3252 	 855
3253 	 860
3254 	 865
3255 	 870
3256 	 875
3257 	 880
3258 	 885
3259 	 890
3260 	 895
3261 	 900
3262 	 905
3263 	 910
3264 	 915
3265 	 920
3266 	 925
3267 	 930
3268 	 935
3269 	 940
3270 	 945
3271 	 950
3272 	 955
3273 	 960
3274 	 965
3275 	 970
3276 	 975
3277 	 980
3278 	 985
3279 	 990
3280 	 2147483647
3281 	 2147483647
3282 	 678
3283 	 688
3284 	 693
3285 	 698
3286 	 703
3287 	 708
3288 	 713
3289 	 718
3290 	 723
3291 	 728
3292 	 733
3293 	 738
3294 	 743
3295 	 748
3296 	 753
3297 	 758
3298 	 763
3299 	 768
3300 	 773
3301 	 778
3302 	 783
3303 	 788
3304 	 793
3305 	 798
3306 	 803
3307 	 808
3308 	 813
3309 	 818
3310 	 823
3311 	 828
3312 	 833
3313 	 838
3314 	 843
3315 	 848
3316 	 853
3317 	 858
3318 	 863
3319 	 868
3320 	 873
3321 	 878
3322 	 883
3323 	 888
3324 	 893
3325 	 898
3326 	 903
3327 	 908
3328 	 913
3329 	 918
3330 	 923
3331 	 928
3332 	 933
3333 	 938
3334 	 943
3335 	 948
3336 	 953
3337 	 958
3338 	 963
3339 	 968
3340 	 973
3341 	 978
3342 	 983
3343 	 988
3344 	 993
3345 	 998
3346 	 1003
3347 	 2147483647
3348 	 691
3349 	 701
3350 	 711
3351 	 716
3352 	 721
3353 	 731
3354 	 741
3355 	 746
3356 	 751
3357 	 756
3358 	 761
3359 	 766
3360 	 771
3361 	 776
3362 	 781
3363 	 786
3364 	 796
3365 	 801
3366 	 806
3367 	 811
3368 	 816
3369 	 821
3370 	 826
3371 	 831
3372 	 836
3373 	 841
3374 	 846
3375 	 851
3376 	 856
3377 	 861
3378 	 866
3379 	 871
3380 	 876
3381 	 881
3382 	 886
3383 	 891
3384 	 896
3385 	 901
3386 	 906
3387 	 911
3388 	 916
3389 	 921
3390 	 926
3391 	 931
3392 	 936
3393 	 941
3394 	 946
3395 	 951
3396 	 956
3397 	 961
3398 	 966
3399 	 971
3400 	 976
3401 	 981
3402 	 986
3403 	 991
3404 	 996
3405 	 1001
3406 	 1006
3407 	 1011
3408 	 1016
3409 	 2147483647
3410 	 2147483647
3411 	 704
3412 	 709
3413 	 714
3414 	 724
3415 	 734
3416 	 744
3417 	 754
3418 	 759
3419 	 764
3420 	 769
3421 	 774
3422 	 779
3423 	 784
3424 	 789
3425 	 794
3426 	 799
3427 	 809
3428 	 814
3429 	 819
3430 	 824
3431 	 829
3432 	 834
3433 	 839
3434 	 844
3435 	 849
3436 	 854
3437 	 859
3438 	 869
3439 	 874
3440 	 879
3441 	 884
3442 	 889
3443 	 894
3444 	 899
3445 	 904
3446 	 909
3447 	 914
3448 	 919
3449 	 924
3450 	 929
3451 	 934
3452 	 939
3453 	 944
3454 	 949
3455 	 954
3456 	 959
3457 	 964
3458 	 969
3459 	 974
3460 	 979
3461 	 984
3462 	 989
3463 	 994
3464 	 999
3465 	 1004
3466 	 1009
3467 	 1014
3468 	 1019
3469 	 1024
3470 	 1029
3471 	 2147483647
3472 	 2147483647
3473 	 2147483647
3474 	 717
3475 	 722
3476 	 727
3477 	 732
3478 	 737
3479 	 747
3480 	 752
3481 	 757
3482 	 762
3483 	 767
3484 	 772
3485 	 777
3486 	 782
3487 	 787
3488 	 792
3489 	 797
3490 	 802
3491 	 807
3492 	 812
3493 	 817
3494 	 822
3495 	 827
3496 	 832
3497 	 837
3498 	 842
3499 	 847
3500 	 852
3501 	 857
3502 	 867
3503 	 872
3504 	 882
3505 	 887
3506 	 892
3507 	 897
3508 	 902
3509 	 907
3510 	 912
3511 	 917
3512 	 922
3513 	 927
3514 	 932
3515 	 937
3516 	 942
3517 	 947
3518 	 952
3519 	 957
3520 	 962
3521 	 967
3522 	 972
3523 	 977
3524 	 982
3525 	 987
3526 	 992
3527 	 997
3528 	 1002
3529 	 1007
3530 	 1012
3531 	 1017
3532 	 1022
3533 	 1027
3534 	 1032
3535 	 1037
3536 	 1042
3537 	 2147483647
3538 	 2147483647
3539 	 2147483647
3540 	 735
3541 	 740
3542 	 745
3543 	 750
3544 	 755
3545 	 760
3546 	 765
3547 	 770
3548 	 775
3549 	 780
3550 	 785
3551 	 790
3552 	 795
3553 	 800
3554 	 805
3555 	 810
3556 	 815
3557 	 820
3558 	 825
3559 	 830
3560 	 835
3561 	 840
3562 	 845
3563 	 855
3564 	 860
3565 	 865
3566 	 870
3567 	 880
3568 	 885
3569 	 890
3570 	 895
3571 	 900
3572 	 905
3573 	 910
3574 	 915
3575 	 920
3576 	 925
3577 	 930
3578 	 935
3579 	 940
3580 	 945
3581 	 950
3582 	 955
3583 	 960
3584 	 965
3585 	 970
3586 	 975
3587 	 980
3588 	 985
3589 	 990
3590 	 995
3591 	 1000
3592 	 1005
3593 	 1010
3594 	 1015
3595 	 1020
3596 	 1025
3597 	 1030
3598 	 1035
3599 	 1040
3600 	 1045
3601 	 1050
3602 	 1055
3603 	 2147483647
3604 	 2147483647
3605 	 2147483647
3606 	 748
3607 	 758
3608 	 763
3609 	 768
3610 	 773
3611 	 778
3612 	 783
3613 	 788
3614 	 793
3615 	 798
3616 	 803
3617 	 808
3618 	 813
3619 	 818
3620 	 823
3621 	 828
3622 	 833
3623 	 838
3624 	 843
3625 	 848
3626 	 853
3627 	 858
3628 	 868
3629 	 873
3630 	 878
3631 	 883
3632 	 888
3633 	 893
3634 	 898
3635 	 903
3636 	 908
3637 	 918
3638 	 923
3639 	 928
3640 	 933
3641 	 938
3642 	 943
3643 	 948
3644 	 953
3645 	 958
3646 	 963
3647 	 968
3648 	 973
3649 	 978
3650 	 983
3651 	 988
3652 	 993
3653 	 998
3654 	 1003
3655 	 1008
3656 	 1013
3657 	 1018
3658 	 1023
3659 	 1028
3660 	 1033
3661 	 1038
3662 	 1043
3663 	 1048
3664 	 1053
3665 	 1058
3666 	 1063
3667 	 1068
3668 	 2147483647
3669 	 2147483647
3670 	 2147483647
3671 	 2147483647
3672 	 761
3673 	 771
3674 	 776
3675 	 781
3676 	 786
3677 	 791
3678 	 796
3679 	 801
3680 	 806
3681 	 811
3682 	 816
3683 	 821
3684 	 826
3685 	 831
3686 	 836
3687 	 841
3688 	 846
3689 	 851
3690 	 856
3691 	 861
3692 	 866
3693 	 871
3694 	 876
3695 	 881
3696 	 886
3697 	 891
3698 	 896
3699 	 901
3700 	 906
3701 	 911
3702 	 916
3703 	 921
3704 	 931
3705 	 936
3706 	 941
3707 	 946
3708 	 951
3709 	 956
3710 	 961
3711 	 966
3712 	 971
3713 	 981
3714 	 986
3715 	 991
3716 	 996
3717 	 1001
3718 	 1006
3719 	 1011
3720 	 1016
3721 	 1021
3722 	 1026
3723 	 1031
3724 	 1036
3725 	 1041
3726 	 1046
3727 	 1051
3728 	 1056
3729 	 1061
3730 	 1066
3731 	 1071
3732 	 1076
3733 	 1081
3734 	 2147483647
3735 	 2147483647
3736 	 2147483647
3737 	 2147483647
3738 	 774
3739 	 779
3740 	 784
3741 	 789
3742 	 794
3743 	 799
3744 	 804
3745 	 809
3746 	 814
3747 	 819
3748 	 824
3749 	 829
3750 	 834
3751 	 839
3752 	 844
3753 	 849
3754 	 854
3755 	 859
3756 	 864
3757 	 869
3758 	 874
3759 	 879
3760 	 884
3761 	 889
3762 	 894
3763 	 899
3764 	 904
3765 	 909
3766 	 914
3767 	 919
3768 	 924
3769 	 929
3770 	 934
3771 	 939
3772 	 944
3773 	 949
3774 	 954
3775 	 959
3776 	 964
3777 	 969
3778 	 974
3779 	 984
3780 	 994
3781 	 1004
3782 	 1009
3783 	 1014
3784 	 1019
3785 	 1024
3786 	 1029
3787 	 1034
3788 	 1044
3789 	 1049
3790 	 1054
3791 	 1059
3792 	 1064
3793 	 1069
3794 	 1079
3795 	 1084
3796 	 1089
3797 	 1094
3798 	 2147483647
3799 	 2147483647
3800 	 2147483647
3801 	 2147483647
3802 	 787
3803 	 792
3804 	 797
3805 	 802
3806 	 807
3807 	 812
3808 	 817
3809 	 822
3810 	 827
3811 	 832
3812 	 837
3813 	 842
3814 	 847
3815 	 852
3816 	 857
3817 	 862
3818 	 867
3819 	 872
3820 	 877
3821 	 882
3822 	 887
3823 	 897
3824 	 907
3825 	 917
3826 	 927
3827 	 932
3828 	 937
3829 	 947
3830 	 952
3831 	 957
3832 	 962
3833 	 967
3834 	 972
3835 	 977
3836 	 982
3837 	 987
3838 	 997
3839 	 1002
3840 	 1007
3841 	 1017
3842 	 1022
3843 	 1027
3844 	 1032
3845 	 1037
3846 	 1042
3847 	 1047
3848 	 1057
3849 	 1062
3850 	 1067
3851 	 1072
3852 	 1077
3853 	 1082
3854 	 1092
3855 	 1097
3856 	 1102
3857 	 1107
3858 	 2147483647
3859 	 2147483647
3860 	 2147483647
3861 	 2147483647
3862 	 800
3863 	 805
3864 	 810
3865 	 815
3866 	 820
3867 	 825
3868 	 830
3869 	 835
3870 	 840
3871 	 845
3872 	 850
3873 	 855
3874 	 860
3875 	 865
3876 	 870
3877 	 875
3878 	 880
3879 	 885
3880 	 890
3881 	 895
3882 	 900
3883 	 910
3884 	 920
3885 	 930
3886 	 940
3887 	 945
3888 	 950
3889 	 960
3890 	 970
3891 	 975
3892 	 980
3893 	 985
3894 	 995
3895 	 1000
3896 	 1005
3897 	 1010
3898 	 1015
3899 	 1020
3900 	 1025
3901 	 1030
3902 	 1035
3903 	 1040
3904 	 1045
3905 	 1050
3906 	 1055
3907 	 1060
3908 	 1065
3909 	 1070
3910 	 1075
3911 	 1080
3912 	 1085
3913 	 1090
3914 	 1095
3915 	 1100
3916 	 1105
3917 	 1110
3918 	 1115
3919 	 1120
3920 	 2147483647
3921 	 2147483647
3922 	 2147483647
3923 	 2147483647
3924 	 813
3925 	 818
3926 	 823
3927 	 828
3928 	 833
3929 	 838
3930 	 843
3931 	 848
3932 	 853
3933 	 858
3934 	 863
3935 	 868
3936 	 873
3937 	 878
3938 	 883
3939 	 888
3940 	 893
3941 	 898
3942 	 903
3943 	 908
3944 	 913
3945 	 918
3946 	 923
3947 	 928
3948 	 933
3949 	 938
3950 	 943
3951 	 948
3952 	 953
3953 	 958
3954 	 963
3955 	 968
3956 	 973
3957 	 983
3958 	 988
3959 	 998
3960 	 1008
3961 	 1013
3962 	 1018
3963 	 1023
3964 	 1028
3965 	 1033
3966 	 1038
3967 	 1043
3968 	 1048
3969 	 1053
3970 	 1058
3971 	 1063
3972 	 1073
3973 	 1078
3974 	 1083
3975 	 1093
3976 	 1098
3977 	 1103
3978 	 1108
3979 	 1113
3980 	 1118
3981 	 1123
3982 	 1128
