
Tempo total de execução: 10.000000 milissegundo(s).

0 	 2147483647
1 	 0
2 	 5
3 	 10
4 	 15
5 	 20
6 	 2147483647
7 	 2147483647
8 	 2147483647
9 	 2147483647
10 	 2147483647
11 	 2147483647
12 	 2147483647
13 	 2147483647
14 	 2147483647
15 	 2147483647
16 	 2147483647
17 	 2147483647
18 	 2147483647
19 	 2147483647
20 	 2147483647
21 	 2147483647
22 	 2147483647
23 	 2147483647
24 	 2147483647
25 	 2147483647
26 	 2147483647
27 	 2147483647
28 	 2147483647
29 	 2147483647
30 	 2147483647
31 	 2147483647
32 	 2147483647
33 	 2147483647
34 	 2147483647
35 	 2147483647
36 	 2147483647
37 	 2147483647
38 	 2147483647
39 	 2147483647
40 	 2147483647
41 	 2147483647
42 	 2147483647
43 	 2147483647
44 	 2147483647
45 	 2147483647
46 	 2147483647
47 	 2147483647
48 	 2147483647
49 	 2147483647
50 	 2147483647
51 	 2147483647
52 	 2147483647
53 	 2147483647
54 	 2147483647
55 	 2147483647
56 	 2147483647
57 	 2147483647
58 	 2147483647
59 	 2147483647
60 	 2147483647
61 	 2147483647
62 	 2147483647
63 	 2147483647
64 	 2147483647
65 	 2147483647
66 	 2147483647
67 	 2147483647
68 	 2147483647
69 	 2147483647
70 	 2147483647
71 	 2147483647
72 	 2147483647
73 	 2147483647
74 	 2147483647
75 	 2147483647
76 	 2147483647
77 	 2147483647
78 	 2147483647
79 	 2147483647
80 	 2147483647
81 	 2147483647
82 	 2147483647
83 	 13
84 	 18
85 	 23
86 	 28
87 	 33
88 	 2147483647
89 	 2147483647
90 	 2147483647
91 	 2147483647
92 	 2147483647
93 	 2147483647
94 	 2147483647
95 	 2147483647
96 	 2147483647
97 	 2147483647
98 	 2147483647
99 	 2147483647
100 	 2147483647
101 	 2147483647
102 	 2147483647
103 	 2147483647
104 	 2147483647
105 	 2147483647
106 	 2147483647
107 	 2147483647
108 	 2147483647
109 	 2147483647
110 	 2147483647
111 	 2147483647
112 	 2147483647
113 	 2147483647
114 	 2147483647
115 	 2147483647
116 	 2147483647
117 	 2147483647
118 	 2147483647
119 	 2147483647
120 	 2147483647
121 	 2147483647
122 	 2147483647
123 	 2147483647
124 	 2147483647
125 	 2147483647
126 	 2147483647
127 	 2147483647
128 	 2147483647
129 	 2147483647
130 	 2147483647
131 	 2147483647
132 	 2147483647
133 	 2147483647
134 	 2147483647
135 	 2147483647
136 	 2147483647
137 	 2147483647
138 	 2147483647
139 	 2147483647
140 	 2147483647
141 	 2147483647
142 	 2147483647
143 	 2147483647
144 	 2147483647
145 	 2147483647
146 	 2147483647
147 	 2147483647
148 	 2147483647
149 	 2147483647
150 	 2147483647
151 	 2147483647
152 	 2147483647
153 	 2147483647
154 	 2147483647
155 	 2147483647
156 	 2147483647
157 	 2147483647
158 	 2147483647
159 	 2147483647
160 	 26
161 	 31
162 	 36
163 	 46
164 	 51
165 	 56
166 	 61
167 	 66
168 	 2147483647
169 	 2147483647
170 	 2147483647
171 	 2147483647
172 	 2147483647
173 	 2147483647
174 	 2147483647
175 	 2147483647
176 	 2147483647
177 	 2147483647
178 	 2147483647
179 	 2147483647
180 	 2147483647
181 	 2147483647
182 	 2147483647
183 	 2147483647
184 	 2147483647
185 	 2147483647
186 	 2147483647
187 	 2147483647
188 	 2147483647
189 	 2147483647
190 	 2147483647
191 	 2147483647
192 	 2147483647
193 	 2147483647
194 	 2147483647
195 	 2147483647
196 	 2147483647
197 	 2147483647
198 	 2147483647
199 	 2147483647
200 	 2147483647
201 	 2147483647
202 	 2147483647
203 	 2147483647
204 	 2147483647
205 	 2147483647
206 	 2147483647
207 	 2147483647
208 	 2147483647
209 	 2147483647
210 	 2147483647
211 	 2147483647
212 	 2147483647
213 	 2147483647
214 	 2147483647
215 	 2147483647
216 	 2147483647
217 	 2147483647
218 	 2147483647
219 	 2147483647
220 	 2147483647
221 	 2147483647
222 	 2147483647
223 	 2147483647
224 	 2147483647
225 	 2147483647
226 	 2147483647
227 	 2147483647
228 	 2147483647
229 	 2147483647
230 	 2147483647
231 	 2147483647
232 	 2147483647
233 	 2147483647
234 	 2147483647
235 	 2147483647
236 	 2147483647
237 	 2147483647
238 	 2147483647
239 	 2147483647
240 	 2147483647
241 	 2147483647
242 	 2147483647
243 	 2147483647
244 	 39
245 	 44
246 	 49
247 	 59
248 	 64
249 	 74
250 	 79
251 	 84
252 	 89
253 	 94
254 	 99
255 	 104
256 	 109
257 	 2147483647
258 	 2147483647
259 	 2147483647
260 	 2147483647
261 	 2147483647
262 	 2147483647
263 	 2147483647
264 	 2147483647
265 	 2147483647
266 	 2147483647
267 	 2147483647
268 	 2147483647
269 	 2147483647
270 	 2147483647
271 	 2147483647
272 	 2147483647
273 	 2147483647
274 	 2147483647
275 	 2147483647
276 	 2147483647
277 	 2147483647
278 	 2147483647
279 	 2147483647
280 	 2147483647
281 	 2147483647
282 	 2147483647
283 	 2147483647
284 	 2147483647
285 	 2147483647
286 	 2147483647
287 	 2147483647
288 	 2147483647
289 	 2147483647
290 	 2147483647
291 	 2147483647
292 	 2147483647
293 	 2147483647
294 	 2147483647
295 	 2147483647
296 	 2147483647
297 	 2147483647
298 	 2147483647
299 	 2147483647
300 	 2147483647
301 	 2147483647
302 	 2147483647
303 	 2147483647
304 	 2147483647
305 	 2147483647
306 	 2147483647
307 	 2147483647
308 	 2147483647
309 	 2147483647
310 	 2147483647
311 	 2147483647
312 	 2147483647
313 	 2147483647
314 	 2147483647
315 	 2147483647
316 	 2147483647
317 	 2147483647
318 	 2147483647
319 	 2147483647
320 	 2147483647
321 	 2147483647
322 	 2147483647
323 	 2147483647
324 	 2147483647
325 	 2147483647
326 	 2147483647
327 	 2147483647
328 	 2147483647
329 	 2147483647
330 	 2147483647
331 	 2147483647
332 	 2147483647
333 	 2147483647
334 	 52
335 	 62
336 	 67
337 	 72
338 	 77
339 	 87
340 	 107
341 	 112
342 	 122
343 	 2147483647
344 	 2147483647
345 	 2147483647
346 	 2147483647
347 	 2147483647
348 	 2147483647
349 	 2147483647
350 	 2147483647
351 	 2147483647
352 	 2147483647
353 	 2147483647
354 	 2147483647
355 	 2147483647
356 	 2147483647
357 	 2147483647
358 	 2147483647
359 	 2147483647
360 	 2147483647
361 	 2147483647
362 	 2147483647
363 	 2147483647
364 	 2147483647
365 	 2147483647
366 	 2147483647
367 	 2147483647
368 	 2147483647
369 	 2147483647
370 	 2147483647
371 	 2147483647
372 	 2147483647
373 	 2147483647
374 	 2147483647
375 	 2147483647
376 	 2147483647
377 	 2147483647
378 	 2147483647
379 	 2147483647
380 	 2147483647
381 	 2147483647
382 	 2147483647
383 	 2147483647
384 	 2147483647
385 	 2147483647
386 	 2147483647
387 	 2147483647
388 	 2147483647
389 	 2147483647
390 	 2147483647
391 	 2147483647
392 	 2147483647
393 	 2147483647
394 	 2147483647
395 	 2147483647
396 	 2147483647
397 	 2147483647
398 	 2147483647
399 	 2147483647
400 	 2147483647
401 	 2147483647
402 	 2147483647
403 	 2147483647
404 	 2147483647
405 	 2147483647
406 	 2147483647
407 	 2147483647
408 	 2147483647
409 	 2147483647
410 	 2147483647
411 	 2147483647
412 	 2147483647
413 	 2147483647
414 	 65
415 	 75
416 	 80
417 	 85
418 	 90
419 	 95
420 	 100
421 	 105
422 	 110
423 	 115
424 	 120
425 	 125
426 	 135
427 	 140
428 	 145
429 	 2147483647
430 	 2147483647
431 	 2147483647
432 	 2147483647
433 	 2147483647
434 	 2147483647
435 	 2147483647
436 	 2147483647
437 	 2147483647
438 	 2147483647
439 	 2147483647
440 	 2147483647
441 	 2147483647
442 	 2147483647
443 	 2147483647
444 	 2147483647
445 	 2147483647
446 	 2147483647
447 	 2147483647
448 	 2147483647
449 	 2147483647
450 	 2147483647
451 	 2147483647
452 	 2147483647
453 	 2147483647
454 	 2147483647
455 	 2147483647
456 	 2147483647
457 	 2147483647
458 	 2147483647
459 	 2147483647
460 	 2147483647
461 	 2147483647
462 	 2147483647
463 	 2147483647
464 	 2147483647
465 	 2147483647
466 	 2147483647
467 	 2147483647
468 	 2147483647
469 	 2147483647
470 	 2147483647
471 	 2147483647
472 	 2147483647
473 	 2147483647
474 	 2147483647
475 	 2147483647
476 	 2147483647
477 	 2147483647
478 	 2147483647
479 	 2147483647
480 	 2147483647
481 	 2147483647
482 	 2147483647
483 	 2147483647
484 	 2147483647
485 	 2147483647
486 	 2147483647
487 	 2147483647
488 	 2147483647
489 	 2147483647
490 	 2147483647
491 	 2147483647
492 	 2147483647
493 	 2147483647
494 	 2147483647
495 	 2147483647
496 	 2147483647
497 	 2147483647
498 	 2147483647
499 	 78
500 	 83
501 	 88
502 	 93
503 	 98
504 	 108
505 	 118
506 	 128
507 	 138
508 	 143
509 	 148
510 	 153
511 	 158
512 	 2147483647
513 	 2147483647
514 	 2147483647
515 	 2147483647
516 	 2147483647
517 	 2147483647
518 	 2147483647
519 	 2147483647
520 	 2147483647
521 	 2147483647
522 	 2147483647
523 	 2147483647
524 	 2147483647
525 	 2147483647
526 	 2147483647
527 	 2147483647
528 	 2147483647
529 	 2147483647
530 	 2147483647
531 	 2147483647
532 	 2147483647
533 	 2147483647
534 	 2147483647
535 	 2147483647
536 	 2147483647
537 	 2147483647
538 	 2147483647
539 	 2147483647
540 	 2147483647
541 	 2147483647
542 	 2147483647
543 	 2147483647
544 	 2147483647
545 	 2147483647
546 	 2147483647
547 	 2147483647
548 	 2147483647
549 	 2147483647
550 	 2147483647
551 	 2147483647
552 	 2147483647
553 	 2147483647
554 	 2147483647
555 	 2147483647
556 	 2147483647
557 	 2147483647
558 	 2147483647
559 	 2147483647
560 	 2147483647
561 	 2147483647
562 	 2147483647
563 	 2147483647
564 	 2147483647
565 	 2147483647
566 	 2147483647
567 	 2147483647
568 	 2147483647
569 	 2147483647
570 	 2147483647
571 	 2147483647
572 	 2147483647
573 	 2147483647
574 	 2147483647
575 	 2147483647
576 	 2147483647
577 	 2147483647
578 	 2147483647
579 	 2147483647
580 	 2147483647
581 	 2147483647
582 	 2147483647
583 	 2147483647
584 	 2147483647
585 	 2147483647
586 	 2147483647
587 	 2147483647
588 	 91
589 	 96
590 	 101
591 	 106
592 	 111
593 	 121
594 	 131
595 	 141
596 	 151
597 	 156
598 	 161
599 	 166
600 	 171
601 	 176
602 	 181
603 	 186
604 	 191
605 	 196
606 	 2147483647
607 	 2147483647
608 	 2147483647
609 	 2147483647
610 	 2147483647
611 	 2147483647
612 	 2147483647
613 	 2147483647
614 	 2147483647
615 	 2147483647
616 	 2147483647
617 	 2147483647
618 	 2147483647
619 	 2147483647
620 	 2147483647
621 	 2147483647
622 	 2147483647
623 	 2147483647
624 	 2147483647
625 	 2147483647
626 	 2147483647
627 	 2147483647
628 	 2147483647
629 	 2147483647
630 	 2147483647
631 	 2147483647
632 	 2147483647
633 	 2147483647
634 	 2147483647
635 	 2147483647
636 	 2147483647
637 	 2147483647
638 	 2147483647
639 	 2147483647
640 	 2147483647
641 	 2147483647
642 	 2147483647
643 	 2147483647
644 	 2147483647
645 	 2147483647
646 	 2147483647
647 	 2147483647
648 	 2147483647
649 	 2147483647
650 	 2147483647
651 	 2147483647
652 	 2147483647
653 	 2147483647
654 	 2147483647
655 	 2147483647
656 	 2147483647
657 	 2147483647
658 	 2147483647
659 	 2147483647
660 	 2147483647
661 	 2147483647
662 	 2147483647
663 	 2147483647
664 	 2147483647
665 	 2147483647
666 	 2147483647
667 	 2147483647
668 	 2147483647
669 	 2147483647
670 	 2147483647
671 	 2147483647
672 	 2147483647
673 	 2147483647
674 	 2147483647
675 	 2147483647
676 	 2147483647
677 	 2147483647
678 	 2147483647
679 	 2147483647
680 	 2147483647
681 	 2147483647
682 	 104
683 	 109
684 	 114
685 	 124
686 	 129
687 	 134
688 	 139
689 	 144
690 	 149
691 	 154
692 	 159
693 	 164
694 	 169
695 	 174
696 	 179
697 	 184
698 	 189
699 	 194
700 	 199
701 	 204
702 	 209
703 	 214
704 	 219
705 	 2147483647
706 	 2147483647
707 	 2147483647
708 	 2147483647
709 	 2147483647
710 	 2147483647
711 	 2147483647
712 	 2147483647
713 	 2147483647
714 	 2147483647
715 	 2147483647
716 	 2147483647
717 	 2147483647
718 	 2147483647
719 	 2147483647
720 	 2147483647
721 	 2147483647
722 	 2147483647
723 	 2147483647
724 	 2147483647
725 	 2147483647
726 	 2147483647
727 	 2147483647
728 	 2147483647
729 	 2147483647
730 	 2147483647
731 	 2147483647
732 	 2147483647
733 	 2147483647
734 	 2147483647
735 	 2147483647
736 	 2147483647
737 	 2147483647
738 	 2147483647
739 	 2147483647
740 	 2147483647
741 	 2147483647
742 	 2147483647
743 	 2147483647
744 	 2147483647
745 	 2147483647
746 	 2147483647
747 	 2147483647
748 	 2147483647
749 	 2147483647
750 	 2147483647
751 	 2147483647
752 	 2147483647
753 	 2147483647
754 	 2147483647
755 	 2147483647
756 	 2147483647
757 	 2147483647
758 	 2147483647
759 	 2147483647
760 	 2147483647
761 	 2147483647
762 	 2147483647
763 	 2147483647
764 	 2147483647
765 	 2147483647
766 	 2147483647
767 	 2147483647
768 	 2147483647
769 	 117
770 	 122
771 	 127
772 	 137
773 	 142
774 	 152
775 	 172
776 	 177
777 	 182
778 	 187
779 	 192
780 	 202
781 	 212
782 	 217
783 	 227
784 	 232
785 	 237
786 	 242
787 	 247
788 	 252
789 	 257
790 	 2147483647
791 	 2147483647
792 	 2147483647
793 	 2147483647
794 	 2147483647
795 	 2147483647
796 	 2147483647
797 	 2147483647
798 	 2147483647
799 	 2147483647
800 	 2147483647
801 	 2147483647
802 	 2147483647
803 	 2147483647
804 	 2147483647
805 	 2147483647
806 	 2147483647
807 	 2147483647
808 	 2147483647
809 	 2147483647
810 	 2147483647
811 	 2147483647
812 	 2147483647
813 	 2147483647
814 	 2147483647
815 	 2147483647
816 	 2147483647
817 	 2147483647
818 	 2147483647
819 	 2147483647
820 	 2147483647
821 	 2147483647
822 	 2147483647
823 	 2147483647
824 	 2147483647
825 	 2147483647
826 	 2147483647
827 	 2147483647
828 	 2147483647
829 	 2147483647
830 	 2147483647
831 	 2147483647
832 	 2147483647
833 	 2147483647
834 	 2147483647
835 	 2147483647
836 	 2147483647
837 	 2147483647
838 	 2147483647
839 	 2147483647
840 	 2147483647
841 	 2147483647
842 	 2147483647
843 	 2147483647
844 	 2147483647
845 	 2147483647
846 	 2147483647
847 	 2147483647
848 	 2147483647
849 	 2147483647
850 	 2147483647
851 	 2147483647
852 	 2147483647
853 	 130
854 	 135
855 	 140
856 	 145
857 	 150
858 	 155
859 	 165
860 	 170
861 	 175
862 	 180
863 	 185
864 	 190
865 	 195
866 	 200
867 	 205
868 	 215
869 	 225
870 	 230
871 	 240
872 	 245
873 	 265
874 	 270
875 	 275
876 	 280
877 	 285
878 	 290
879 	 295
880 	 300
881 	 305
882 	 310
883 	 315
884 	 320
885 	 325
886 	 2147483647
887 	 2147483647
888 	 2147483647
889 	 2147483647
890 	 2147483647
891 	 2147483647
892 	 2147483647
893 	 2147483647
894 	 2147483647
895 	 2147483647
896 	 2147483647
897 	 2147483647
898 	 2147483647
899 	 2147483647
900 	 2147483647
901 	 2147483647
902 	 2147483647
903 	 2147483647
904 	 2147483647
905 	 2147483647
906 	 2147483647
907 	 2147483647
908 	 2147483647
909 	 2147483647
910 	 2147483647
911 	 2147483647
912 	 2147483647
913 	 2147483647
914 	 2147483647
915 	 2147483647
916 	 2147483647
917 	 2147483647
918 	 2147483647
919 	 2147483647
920 	 2147483647
921 	 2147483647
922 	 2147483647
923 	 2147483647
924 	 2147483647
925 	 2147483647
926 	 2147483647
927 	 2147483647
928 	 2147483647
929 	 2147483647
930 	 2147483647
931 	 2147483647
932 	 2147483647
933 	 2147483647
934 	 2147483647
935 	 2147483647
936 	 2147483647
937 	 2147483647
938 	 2147483647
939 	 2147483647
940 	 143
941 	 148
942 	 153
943 	 163
944 	 168
945 	 173
946 	 178
947 	 183
948 	 188
949 	 193
950 	 198
951 	 203
952 	 208
953 	 213
954 	 218
955 	 223
956 	 228
957 	 233
958 	 238
959 	 243
960 	 248
961 	 253
962 	 258
963 	 263
964 	 268
965 	 273
966 	 278
967 	 283
968 	 293
969 	 303
970 	 308
971 	 313
972 	 318
973 	 323
974 	 328
975 	 338
976 	 2147483647
977 	 2147483647
978 	 2147483647
979 	 2147483647
980 	 2147483647
981 	 2147483647
982 	 2147483647
983 	 2147483647
984 	 2147483647
985 	 2147483647
986 	 2147483647
987 	 2147483647
988 	 2147483647
989 	 2147483647
990 	 2147483647
991 	 2147483647
992 	 2147483647
993 	 2147483647
994 	 2147483647
995 	 2147483647
996 	 2147483647
997 	 2147483647
998 	 2147483647
999 	 2147483647
1000 	 2147483647
1001 	 2147483647
1002 	 2147483647
1003 	 2147483647
1004 	 2147483647
1005 	 2147483647
1006 	 2147483647
1007 	 2147483647
1008 	 2147483647
1009 	 2147483647
1010 	 2147483647
1011 	 2147483647
1012 	 2147483647
1013 	 2147483647
1014 	 2147483647
1015 	 2147483647
1016 	 2147483647
1017 	 2147483647
1018 	 2147483647
1019 	 2147483647
1020 	 2147483647
1021 	 2147483647
1022 	 2147483647
1023 	 2147483647
1024 	 2147483647
1025 	 156
1026 	 161
1027 	 166
1028 	 176
1029 	 181
1030 	 186
1031 	 196
1032 	 201
1033 	 206
1034 	 216
1035 	 221
1036 	 226
1037 	 236
1038 	 241
1039 	 246
1040 	 251
1041 	 256
1042 	 261
1043 	 271
1044 	 281
1045 	 286
1046 	 291
1047 	 296
1048 	 306
1049 	 316
1050 	 336
1051 	 341
1052 	 351
1053 	 356
1054 	 361
1055 	 366
1056 	 371
1057 	 376
1058 	 381
1059 	 386
1060 	 391
1061 	 2147483647
1062 	 2147483647
1063 	 2147483647
1064 	 2147483647
1065 	 2147483647
1066 	 2147483647
1067 	 2147483647
1068 	 2147483647
1069 	 2147483647
1070 	 2147483647
1071 	 2147483647
1072 	 2147483647
1073 	 2147483647
1074 	 2147483647
1075 	 2147483647
1076 	 2147483647
1077 	 2147483647
1078 	 2147483647
1079 	 2147483647
1080 	 2147483647
1081 	 2147483647
1082 	 2147483647
1083 	 2147483647
1084 	 2147483647
1085 	 2147483647
1086 	 2147483647
1087 	 2147483647
1088 	 2147483647
1089 	 2147483647
1090 	 2147483647
1091 	 2147483647
1092 	 2147483647
1093 	 2147483647
1094 	 2147483647
1095 	 2147483647
1096 	 2147483647
1097 	 2147483647
1098 	 2147483647
1099 	 2147483647
1100 	 2147483647
1101 	 2147483647
1102 	 2147483647
1103 	 2147483647
1104 	 2147483647
1105 	 2147483647
1106 	 169
1107 	 179
1108 	 184
1109 	 189
1110 	 194
1111 	 199
1112 	 209
1113 	 214
1114 	 219
1115 	 229
1116 	 234
1117 	 239
1118 	 249
1119 	 259
1120 	 269
1121 	 274
1122 	 284
1123 	 294
1124 	 299
1125 	 304
1126 	 309
1127 	 314
1128 	 319
1129 	 324
1130 	 329
1131 	 334
1132 	 339
1133 	 344
1134 	 349
1135 	 354
1136 	 359
1137 	 364
1138 	 369
1139 	 374
1140 	 379
1141 	 389
1142 	 394
1143 	 404
1144 	 2147483647
1145 	 2147483647
1146 	 2147483647
1147 	 2147483647
1148 	 2147483647
1149 	 2147483647
1150 	 2147483647
1151 	 2147483647
1152 	 2147483647
1153 	 2147483647
1154 	 2147483647
1155 	 2147483647
1156 	 2147483647
1157 	 2147483647
1158 	 2147483647
1159 	 2147483647
1160 	 2147483647
1161 	 2147483647
1162 	 2147483647
1163 	 2147483647
1164 	 2147483647
1165 	 2147483647
1166 	 2147483647
1167 	 2147483647
1168 	 2147483647
1169 	 2147483647
1170 	 2147483647
1171 	 2147483647
1172 	 2147483647
1173 	 2147483647
1174 	 2147483647
1175 	 2147483647
1176 	 2147483647
1177 	 2147483647
1178 	 2147483647
1179 	 2147483647
1180 	 2147483647
1181 	 2147483647
1182 	 2147483647
1183 	 2147483647
1184 	 2147483647
1185 	 2147483647
1186 	 2147483647
1187 	 2147483647
1188 	 2147483647
1189 	 2147483647
1190 	 2147483647
1191 	 2147483647
1192 	 2147483647
1193 	 2147483647
1194 	 2147483647
1195 	 182
1196 	 192
1197 	 197
1198 	 202
1199 	 207
1200 	 212
1201 	 217
1202 	 222
1203 	 227
1204 	 232
1205 	 237
1206 	 242
1207 	 252
1208 	 257
1209 	 262
1210 	 272
1211 	 282
1212 	 287
1213 	 292
1214 	 297
1215 	 302
1216 	 307
1217 	 327
1218 	 332
1219 	 337
1220 	 342
1221 	 347
1222 	 352
1223 	 357
1224 	 362
1225 	 367
1226 	 372
1227 	 377
1228 	 382
1229 	 387
1230 	 392
1231 	 402
1232 	 407
1233 	 417
1234 	 422
1235 	 427
1236 	 432
1237 	 2147483647
1238 	 2147483647
1239 	 2147483647
1240 	 2147483647
1241 	 2147483647
1242 	 2147483647
1243 	 2147483647
1244 	 2147483647
1245 	 2147483647
1246 	 2147483647
1247 	 2147483647
1248 	 2147483647
1249 	 2147483647
1250 	 2147483647
1251 	 2147483647
1252 	 2147483647
1253 	 2147483647
1254 	 2147483647
1255 	 2147483647
1256 	 2147483647
1257 	 2147483647
1258 	 2147483647
1259 	 2147483647
1260 	 2147483647
1261 	 2147483647
1262 	 2147483647
1263 	 2147483647
1264 	 2147483647
1265 	 2147483647
1266 	 2147483647
1267 	 2147483647
1268 	 2147483647
1269 	 2147483647
1270 	 2147483647
1271 	 2147483647
1272 	 2147483647
1273 	 2147483647
1274 	 2147483647
1275 	 2147483647
1276 	 2147483647
1277 	 2147483647
1278 	 2147483647
1279 	 2147483647
1280 	 195
1281 	 200
1282 	 205
1283 	 210
1284 	 215
1285 	 220
1286 	 225
1287 	 230
1288 	 235
1289 	 240
1290 	 245
1291 	 250
1292 	 255
1293 	 265
1294 	 270
1295 	 275
1296 	 280
1297 	 285
1298 	 290
1299 	 295
1300 	 300
1301 	 305
1302 	 310
1303 	 315
1304 	 320
1305 	 325
1306 	 330
1307 	 335
1308 	 340
1309 	 345
1310 	 365
1311 	 370
1312 	 375
1313 	 385
1314 	 395
1315 	 405
1316 	 410
1317 	 415
1318 	 420
1319 	 425
1320 	 430
1321 	 435
1322 	 440
1323 	 445
1324 	 450
1325 	 455
1326 	 460
1327 	 465
1328 	 470
1329 	 475
1330 	 2147483647
1331 	 2147483647
1332 	 2147483647
1333 	 2147483647
1334 	 2147483647
1335 	 2147483647
1336 	 2147483647
1337 	 2147483647
1338 	 2147483647
1339 	 2147483647
1340 	 2147483647
1341 	 2147483647
1342 	 2147483647
1343 	 2147483647
1344 	 2147483647
1345 	 2147483647
1346 	 2147483647
1347 	 2147483647
1348 	 2147483647
1349 	 2147483647
1350 	 2147483647
1351 	 2147483647
1352 	 2147483647
1353 	 2147483647
1354 	 2147483647
1355 	 2147483647
1356 	 2147483647
1357 	 2147483647
1358 	 2147483647
1359 	 2147483647
1360 	 2147483647
1361 	 2147483647
1362 	 2147483647
1363 	 2147483647
1364 	 2147483647
1365 	 2147483647
1366 	 2147483647
1367 	 2147483647
1368 	 2147483647
1369 	 2147483647
1370 	 2147483647
1371 	 2147483647
1372 	 208
1373 	 213
1374 	 218
1375 	 223
1376 	 228
1377 	 233
1378 	 238
1379 	 243
1380 	 248
1381 	 253
1382 	 258
1383 	 263
1384 	 268
1385 	 273
1386 	 278
1387 	 283
1388 	 288
1389 	 293
1390 	 298
1391 	 308
1392 	 313
1393 	 323
1394 	 333
1395 	 338
1396 	 343
1397 	 348
1398 	 353
1399 	 358
1400 	 363
1401 	 368
1402 	 373
1403 	 378
1404 	 383
1405 	 388
1406 	 398
1407 	 408
1408 	 418
1409 	 438
1410 	 443
1411 	 448
1412 	 453
1413 	 463
1414 	 468
1415 	 478
1416 	 483
1417 	 488
1418 	 493
1419 	 498
1420 	 503
1421 	 508
1422 	 513
1423 	 518
1424 	 523
1425 	 528
1426 	 533
1427 	 538
1428 	 543
1429 	 548
1430 	 553
1431 	 558
1432 	 563
1433 	 568
1434 	 573
1435 	 578
1436 	 583
1437 	 588
1438 	 593
1439 	 598
1440 	 603
1441 	 608
1442 	 613
1443 	 618
1444 	 623
1445 	 2147483647
1446 	 2147483647
1447 	 2147483647
1448 	 2147483647
1449 	 2147483647
1450 	 2147483647
1451 	 2147483647
1452 	 2147483647
1453 	 2147483647
1454 	 2147483647
1455 	 2147483647
1456 	 2147483647
1457 	 2147483647
1458 	 2147483647
1459 	 2147483647
1460 	 221
1461 	 226
1462 	 231
1463 	 236
1464 	 241
1465 	 246
1466 	 251
1467 	 256
1468 	 261
1469 	 266
1470 	 276
1471 	 281
1472 	 291
1473 	 301
1474 	 306
1475 	 311
1476 	 321
1477 	 326
1478 	 336
1479 	 346
1480 	 366
1481 	 371
1482 	 381
1483 	 391
1484 	 401
1485 	 406
1486 	 411
1487 	 416
1488 	 421
1489 	 426
1490 	 431
1491 	 436
1492 	 441
1493 	 446
1494 	 451
1495 	 456
1496 	 466
1497 	 476
1498 	 481
1499 	 491
1500 	 496
1501 	 501
1502 	 506
1503 	 511
1504 	 521
1505 	 541
1506 	 546
1507 	 551
1508 	 556
1509 	 561
1510 	 566
1511 	 571
1512 	 576
1513 	 581
1514 	 586
1515 	 591
1516 	 596
1517 	 601
1518 	 606
1519 	 611
1520 	 616
1521 	 621
1522 	 626
1523 	 631
1524 	 636
1525 	 641
1526 	 646
1527 	 651
1528 	 656
1529 	 661
1530 	 2147483647
1531 	 2147483647
1532 	 2147483647
1533 	 2147483647
1534 	 2147483647
1535 	 2147483647
1536 	 2147483647
1537 	 2147483647
1538 	 2147483647
1539 	 2147483647
1540 	 239
1541 	 244
1542 	 249
1543 	 254
1544 	 259
1545 	 264
1546 	 269
1547 	 274
1548 	 279
1549 	 289
1550 	 294
1551 	 304
1552 	 314
1553 	 319
1554 	 324
1555 	 329
1556 	 334
1557 	 339
1558 	 344
1559 	 349
1560 	 354
1561 	 359
1562 	 364
1563 	 369
1564 	 374
1565 	 379
1566 	 384
1567 	 394
1568 	 404
1569 	 414
1570 	 434
1571 	 439
1572 	 459
1573 	 464
1574 	 469
1575 	 479
1576 	 484
1577 	 489
1578 	 494
1579 	 499
1580 	 504
1581 	 509
1582 	 514
1583 	 519
1584 	 524
1585 	 534
1586 	 539
1587 	 544
1588 	 549
1589 	 554
1590 	 559
1591 	 564
1592 	 569
1593 	 574
1594 	 579
1595 	 584
1596 	 589
1597 	 599
1598 	 604
1599 	 609
1600 	 614
1601 	 619
1602 	 624
1603 	 629
1604 	 634
1605 	 639
1606 	 644
1607 	 649
1608 	 654
1609 	 659
1610 	 664
1611 	 674
1612 	 679
1613 	 684
1614 	 689
1615 	 694
1616 	 699
1617 	 704
1618 	 709
1619 	 714
1620 	 719
1621 	 724
1622 	 729
1623 	 734
1624 	 739
1625 	 744
1626 	 252
1627 	 257
1628 	 262
1629 	 267
1630 	 272
1631 	 277
1632 	 282
1633 	 287
1634 	 292
1635 	 297
1636 	 302
1637 	 307
1638 	 312
1639 	 317
1640 	 322
1641 	 327
1642 	 337
1643 	 342
1644 	 347
1645 	 357
1646 	 362
1647 	 367
1648 	 372
1649 	 377
1650 	 382
1651 	 387
1652 	 397
1653 	 402
1654 	 407
1655 	 412
1656 	 417
1657 	 422
1658 	 427
1659 	 432
1660 	 437
1661 	 442
1662 	 447
1663 	 452
1664 	 457
1665 	 462
1666 	 467
1667 	 472
1668 	 477
1669 	 482
1670 	 487
1671 	 492
1672 	 502
1673 	 512
1674 	 517
1675 	 522
1676 	 527
1677 	 532
1678 	 537
1679 	 542
1680 	 547
1681 	 552
1682 	 557
1683 	 562
1684 	 567
1685 	 572
1686 	 577
1687 	 582
1688 	 587
1689 	 597
1690 	 602
1691 	 612
1692 	 617
1693 	 622
1694 	 627
1695 	 632
1696 	 637
1697 	 642
1698 	 647
1699 	 652
1700 	 657
1701 	 662
1702 	 667
1703 	 672
1704 	 677
1705 	 687
1706 	 697
1707 	 702
1708 	 707
1709 	 712
1710 	 717
1711 	 722
1712 	 727
1713 	 737
1714 	 742
1715 	 747
1716 	 752
1717 	 757
1718 	 2147483647
1719 	 265
1720 	 270
1721 	 275
1722 	 280
1723 	 290
1724 	 295
1725 	 300
1726 	 305
1727 	 310
1728 	 315
1729 	 335
1730 	 340
1731 	 350
1732 	 355
1733 	 360
1734 	 370
1735 	 375
1736 	 380
1737 	 385
1738 	 390
1739 	 395
1740 	 400
1741 	 410
1742 	 415
1743 	 435
1744 	 440
1745 	 450
1746 	 455
1747 	 460
1748 	 465
1749 	 470
1750 	 475
1751 	 480
1752 	 485
1753 	 490
1754 	 500
1755 	 505
1756 	 515
1757 	 525
1758 	 530
1759 	 535
1760 	 540
1761 	 545
1762 	 550
1763 	 560
1764 	 565
1765 	 570
1766 	 575
1767 	 580
1768 	 585
1769 	 590
1770 	 595
1771 	 600
1772 	 610
1773 	 615
1774 	 620
1775 	 625
1776 	 630
1777 	 635
1778 	 640
1779 	 645
1780 	 655
1781 	 660
1782 	 665
1783 	 670
1784 	 675
1785 	 680
1786 	 685
1787 	 690
1788 	 695
1789 	 700
1790 	 710
1791 	 715
1792 	 735
1793 	 740
1794 	 750
1795 	 770
1796 	 2147483647
1797 	 278
1798 	 283
1799 	 288
1800 	 293
1801 	 303
1802 	 308
1803 	 313
1804 	 318
1805 	 323
1806 	 328
1807 	 333
1808 	 338
1809 	 343
1810 	 348
1811 	 353
1812 	 358
1813 	 363
1814 	 368
1815 	 373
1816 	 378
1817 	 383
1818 	 393
1819 	 413
1820 	 418
1821 	 423
1822 	 428
1823 	 433
1824 	 438
1825 	 443
1826 	 448
1827 	 453
1828 	 463
1829 	 468
1830 	 473
1831 	 478
1832 	 483
1833 	 488
1834 	 493
1835 	 498
1836 	 503
1837 	 513
1838 	 518
1839 	 523
1840 	 528
1841 	 533
1842 	 538
1843 	 543
1844 	 548
1845 	 553
1846 	 558
1847 	 563
1848 	 573
1849 	 578
1850 	 583
1851 	 588
1852 	 593
1853 	 598
1854 	 603
1855 	 608
1856 	 613
1857 	 618
1858 	 623
1859 	 628
1860 	 633
1861 	 638
1862 	 643
1863 	 648
1864 	 653
1865 	 658
1866 	 668
1867 	 678
1868 	 683
1869 	 688
1870 	 693
1871 	 698
1872 	 703
1873 	 708
1874 	 713
1875 	 718
1876 	 723
1877 	 728
1878 	 733
1879 	 738
1880 	 743
1881 	 748
1882 	 753
1883 	 758
1884 	 763
1885 	 768
1886 	 773
1887 	 778
1888 	 783
1889 	 2147483647
1890 	 291
1891 	 296
1892 	 301
1893 	 306
1894 	 311
1895 	 316
1896 	 326
1897 	 331
1898 	 336
1899 	 341
1900 	 346
1901 	 351
1902 	 356
1903 	 361
1904 	 381
1905 	 386
1906 	 396
1907 	 406
1908 	 411
1909 	 416
1910 	 421
1911 	 426
1912 	 431
1913 	 441
1914 	 446
1915 	 451
1916 	 456
1917 	 461
1918 	 466
1919 	 471
1920 	 476
1921 	 481
1922 	 486
1923 	 491
1924 	 496
1925 	 501
1926 	 506
1927 	 511
1928 	 516
1929 	 521
1930 	 526
1931 	 531
1932 	 536
1933 	 541
1934 	 546
1935 	 551
1936 	 556
1937 	 561
1938 	 566
1939 	 571
1940 	 576
1941 	 581
1942 	 586
1943 	 591
1944 	 596
1945 	 601
1946 	 606
1947 	 611
1948 	 616
1949 	 621
1950 	 626
1951 	 631
1952 	 636
1953 	 641
1954 	 646
1955 	 651
1956 	 656
1957 	 661
1958 	 666
1959 	 671
1960 	 676
1961 	 681
1962 	 691
1963 	 711
1964 	 716
1965 	 721
1966 	 726
1967 	 731
1968 	 736
1969 	 741
1970 	 746
1971 	 751
1972 	 756
1973 	 761
1974 	 766
1975 	 776
1976 	 781
1977 	 786
1978 	 791
1979 	 796
1980 	 2147483647
1981 	 304
1982 	 309
1983 	 314
1984 	 319
1985 	 324
1986 	 329
1987 	 339
1988 	 344
1989 	 349
1990 	 354
1991 	 359
1992 	 364
1993 	 374
1994 	 379
1995 	 384
1996 	 389
1997 	 394
1998 	 399
1999 	 409
2000 	 414
2001 	 419
2002 	 439
2003 	 444
2004 	 454
2005 	 459
2006 	 464
2007 	 469
2008 	 474
2009 	 479
2010 	 484
2011 	 504
2012 	 509
2013 	 529
2014 	 534
2015 	 539
2016 	 544
2017 	 549
2018 	 554
2019 	 559
2020 	 564
2021 	 569
2022 	 574
2023 	 579
2024 	 584
2025 	 604
2026 	 609
2027 	 614
2028 	 619
2029 	 624
2030 	 629
2031 	 634
2032 	 639
2033 	 644
2034 	 649
2035 	 654
2036 	 659
2037 	 664
2038 	 669
2039 	 674
2040 	 679
2041 	 684
2042 	 689
2043 	 694
2044 	 699
2045 	 704
2046 	 709
2047 	 714
2048 	 719
2049 	 724
2050 	 729
2051 	 739
2052 	 749
2053 	 754
2054 	 759
2055 	 764
2056 	 769
2057 	 774
2058 	 779
2059 	 789
2060 	 794
2061 	 799
2062 	 804
2063 	 809
2064 	 2147483647
2065 	 317
2066 	 322
2067 	 327
2068 	 332
2069 	 337
2070 	 342
2071 	 347
2072 	 352
2073 	 357
2074 	 362
2075 	 367
2076 	 372
2077 	 377
2078 	 387
2079 	 407
2080 	 412
2081 	 417
2082 	 422
2083 	 432
2084 	 437
2085 	 442
2086 	 447
2087 	 452
2088 	 457
2089 	 462
2090 	 467
2091 	 472
2092 	 482
2093 	 487
2094 	 492
2095 	 497
2096 	 502
2097 	 507
2098 	 512
2099 	 517
2100 	 522
2101 	 527
2102 	 532
2103 	 537
2104 	 542
2105 	 547
2106 	 552
2107 	 557
2108 	 562
2109 	 567
2110 	 572
2111 	 577
2112 	 582
2113 	 587
2114 	 592
2115 	 597
2116 	 602
2117 	 607
2118 	 612
2119 	 617
2120 	 622
2121 	 627
2122 	 632
2123 	 652
2124 	 657
2125 	 667
2126 	 672
2127 	 677
2128 	 682
2129 	 687
2130 	 692
2131 	 697
2132 	 702
2133 	 707
2134 	 712
2135 	 717
2136 	 722
2137 	 727
2138 	 737
2139 	 742
2140 	 752
2141 	 762
2142 	 767
2143 	 772
2144 	 777
2145 	 782
2146 	 787
2147 	 792
2148 	 797
2149 	 802
2150 	 807
2151 	 812
2152 	 817
2153 	 2147483647
2154 	 345
2155 	 350
2156 	 355
2157 	 360
2158 	 365
2159 	 370
2160 	 375
2161 	 380
2162 	 385
2163 	 390
2164 	 395
2165 	 400
2166 	 405
2167 	 410
2168 	 415
2169 	 420
2170 	 425
2171 	 430
2172 	 435
2173 	 445
2174 	 465
2175 	 470
2176 	 475
2177 	 485
2178 	 495
2179 	 500
2180 	 510
2181 	 520
2182 	 525
2183 	 530
2184 	 535
2185 	 540
2186 	 545
2187 	 555
2188 	 565
2189 	 570
2190 	 575
2191 	 585
2192 	 590
2193 	 595
2194 	 600
2195 	 610
2196 	 615
2197 	 625
2198 	 630
2199 	 635
2200 	 640
2201 	 645
2202 	 650
2203 	 655
2204 	 660
2205 	 665
2206 	 670
2207 	 680
2208 	 685
2209 	 690
2210 	 695
2211 	 700
2212 	 710
2213 	 715
2214 	 720
2215 	 725
2216 	 730
2217 	 735
2218 	 740
2219 	 750
2220 	 755
2221 	 760
2222 	 765
2223 	 770
2224 	 775
2225 	 785
2226 	 790
2227 	 795
2228 	 800
2229 	 805
2230 	 815
2231 	 820
2232 	 825
2233 	 830
2234 	 2147483647
2235 	 2147483647
2236 	 2147483647
2237 	 2147483647
2238 	 358
2239 	 363
2240 	 373
2241 	 378
2242 	 383
2243 	 393
2244 	 403
2245 	 408
2246 	 413
2247 	 418
2248 	 423
2249 	 428
2250 	 438
2251 	 448
2252 	 453
2253 	 458
2254 	 463
2255 	 468
2256 	 473
2257 	 478
2258 	 483
2259 	 488
2260 	 498
2261 	 503
2262 	 508
2263 	 513
2264 	 523
2265 	 533
2266 	 538
2267 	 543
2268 	 548
2269 	 558
2270 	 568
2271 	 578
2272 	 583
2273 	 588
2274 	 598
2275 	 603
2276 	 608
2277 	 613
2278 	 623
2279 	 628
2280 	 638
2281 	 643
2282 	 653
2283 	 658
2284 	 668
2285 	 673
2286 	 678
2287 	 683
2288 	 688
2289 	 693
2290 	 698
2291 	 703
2292 	 708
2293 	 713
2294 	 723
2295 	 728
2296 	 733
2297 	 738
2298 	 748
2299 	 753
2300 	 758
2301 	 763
2302 	 768
2303 	 773
2304 	 778
2305 	 783
2306 	 788
2307 	 798
2308 	 803
2309 	 808
2310 	 813
2311 	 818
2312 	 828
2313 	 833
2314 	 843
2315 	 848
2316 	 2147483647
2317 	 2147483647
2318 	 2147483647
2319 	 371
2320 	 376
2321 	 386
2322 	 396
2323 	 406
2324 	 416
2325 	 421
2326 	 431
2327 	 441
2328 	 451
2329 	 461
2330 	 471
2331 	 476
2332 	 481
2333 	 486
2334 	 491
2335 	 501
2336 	 506
2337 	 511
2338 	 521
2339 	 526
2340 	 531
2341 	 536
2342 	 541
2343 	 546
2344 	 551
2345 	 556
2346 	 561
2347 	 571
2348 	 576
2349 	 581
2350 	 586
2351 	 591
2352 	 596
2353 	 601
2354 	 606
2355 	 611
2356 	 616
2357 	 621
2358 	 626
2359 	 631
2360 	 636
2361 	 641
2362 	 646
2363 	 651
2364 	 656
2365 	 666
2366 	 671
2367 	 681
2368 	 686
2369 	 691
2370 	 696
2371 	 701
2372 	 711
2373 	 716
2374 	 726
2375 	 731
2376 	 736
2377 	 746
2378 	 751
2379 	 761
2380 	 766
2381 	 771
2382 	 776
2383 	 781
2384 	 786
2385 	 791
2386 	 801
2387 	 806
2388 	 811
2389 	 816
2390 	 821
2391 	 826
2392 	 831
2393 	 836
2394 	 841
2395 	 846
2396 	 856
2397 	 861
2398 	 2147483647
2399 	 2147483647
2400 	 2147483647
2401 	 389
2402 	 394
2403 	 399
2404 	 409
2405 	 414
2406 	 419
2407 	 424
2408 	 429
2409 	 434
2410 	 444
2411 	 454
2412 	 459
2413 	 464
2414 	 469
2415 	 474
2416 	 484
2417 	 489
2418 	 494
2419 	 499
2420 	 504
2421 	 514
2422 	 519
2423 	 524
2424 	 534
2425 	 539
2426 	 544
2427 	 549
2428 	 554
2429 	 559
2430 	 564
2431 	 569
2432 	 574
2433 	 579
2434 	 584
2435 	 589
2436 	 599
2437 	 609
2438 	 614
2439 	 619
2440 	 624
2441 	 629
2442 	 634
2443 	 639
2444 	 644
2445 	 649
2446 	 654
2447 	 659
2448 	 664
2449 	 669
2450 	 674
2451 	 679
2452 	 684
2453 	 689
2454 	 694
2455 	 699
2456 	 704
2457 	 709
2458 	 714
2459 	 724
2460 	 729
2461 	 739
2462 	 744
2463 	 749
2464 	 759
2465 	 764
2466 	 769
2467 	 774
2468 	 779
2469 	 784
2470 	 789
2471 	 794
2472 	 799
2473 	 804
2474 	 814
2475 	 819
2476 	 824
2477 	 829
2478 	 834
2479 	 839
2480 	 844
2481 	 849
2482 	 854
2483 	 859
2484 	 864
2485 	 869
2486 	 874
2487 	 2147483647
2488 	 2147483647
2489 	 2147483647
2490 	 2147483647
2491 	 402
2492 	 407
2493 	 412
2494 	 417
2495 	 422
2496 	 427
2497 	 432
2498 	 437
2499 	 442
2500 	 447
2501 	 452
2502 	 457
2503 	 462
2504 	 467
2505 	 472
2506 	 477
2507 	 482
2508 	 487
2509 	 492
2510 	 497
2511 	 502
2512 	 507
2513 	 512
2514 	 517
2515 	 522
2516 	 527
2517 	 537
2518 	 542
2519 	 547
2520 	 552
2521 	 557
2522 	 567
2523 	 572
2524 	 577
2525 	 582
2526 	 587
2527 	 597
2528 	 602
2529 	 612
2530 	 622
2531 	 627
2532 	 637
2533 	 647
2534 	 652
2535 	 657
2536 	 662
2537 	 667
2538 	 677
2539 	 682
2540 	 687
2541 	 692
2542 	 697
2543 	 702
2544 	 707
2545 	 717
2546 	 722
2547 	 727
2548 	 732
2549 	 737
2550 	 742
2551 	 747
2552 	 752
2553 	 757
2554 	 762
2555 	 767
2556 	 772
2557 	 777
2558 	 782
2559 	 787
2560 	 792
2561 	 802
2562 	 807
2563 	 812
2564 	 817
2565 	 822
2566 	 827
2567 	 832
2568 	 837
2569 	 842
2570 	 847
2571 	 852
2572 	 857
2573 	 867
2574 	 872
2575 	 877
2576 	 882
2577 	 887
2578 	 2147483647
2579 	 2147483647
2580 	 2147483647
2581 	 2147483647
2582 	 2147483647
2583 	 415
2584 	 420
2585 	 425
2586 	 430
2587 	 435
2588 	 440
2589 	 450
2590 	 455
2591 	 460
2592 	 465
2593 	 470
2594 	 490
2595 	 495
2596 	 500
2597 	 505
2598 	 510
2599 	 515
2600 	 520
2601 	 525
2602 	 530
2603 	 540
2604 	 550
2605 	 555
2606 	 560
2607 	 565
2608 	 570
2609 	 580
2610 	 585
2611 	 590
2612 	 595
2613 	 600
2614 	 610
2615 	 615
2616 	 620
2617 	 625
2618 	 630
2619 	 635
2620 	 640
2621 	 650
2622 	 660
2623 	 665
2624 	 670
2625 	 675
2626 	 680
2627 	 690
2628 	 695
2629 	 700
2630 	 705
2631 	 710
2632 	 715
2633 	 720
2634 	 730
2635 	 735
2636 	 740
2637 	 745
2638 	 750
2639 	 755
2640 	 760
2641 	 765
2642 	 770
2643 	 775
2644 	 780
2645 	 785
2646 	 790
2647 	 795
2648 	 800
2649 	 805
2650 	 815
2651 	 825
2652 	 830
2653 	 835
2654 	 840
2655 	 845
2656 	 850
2657 	 855
2658 	 860
2659 	 865
2660 	 870
2661 	 880
2662 	 885
2663 	 890
2664 	 895
2665 	 900
2666 	 2147483647
2667 	 2147483647
2668 	 2147483647
2669 	 2147483647
2670 	 2147483647
2671 	 428
2672 	 433
2673 	 443
2674 	 448
2675 	 453
2676 	 463
2677 	 468
2678 	 478
2679 	 483
2680 	 488
2681 	 493
2682 	 498
2683 	 503
2684 	 508
2685 	 513
2686 	 523
2687 	 543
2688 	 553
2689 	 558
2690 	 563
2691 	 568
2692 	 573
2693 	 578
2694 	 583
2695 	 588
2696 	 593
2697 	 598
2698 	 603
2699 	 608
2700 	 613
2701 	 618
2702 	 623
2703 	 628
2704 	 633
2705 	 638
2706 	 643
2707 	 648
2708 	 653
2709 	 658
2710 	 663
2711 	 668
2712 	 673
2713 	 678
2714 	 683
2715 	 688
2716 	 693
2717 	 698
2718 	 703
2719 	 708
2720 	 713
2721 	 718
2722 	 723
2723 	 728
2724 	 733
2725 	 738
2726 	 743
2727 	 748
2728 	 753
2729 	 758
2730 	 763
2731 	 768
2732 	 773
2733 	 778
2734 	 783
2735 	 788
2736 	 793
2737 	 798
2738 	 803
2739 	 808
2740 	 813
2741 	 818
2742 	 823
2743 	 828
2744 	 838
2745 	 843
2746 	 848
2747 	 853
2748 	 858
2749 	 863
2750 	 868
2751 	 873
2752 	 878
2753 	 883
2754 	 888
2755 	 893
2756 	 898
2757 	 903
2758 	 908
2759 	 913
2760 	 2147483647
2761 	 2147483647
2762 	 2147483647
2763 	 2147483647
2764 	 2147483647
2765 	 446
2766 	 456
2767 	 461
2768 	 466
2769 	 471
2770 	 476
2771 	 481
2772 	 491
2773 	 501
2774 	 506
2775 	 511
2776 	 516
2777 	 526
2778 	 536
2779 	 541
2780 	 546
2781 	 551
2782 	 556
2783 	 561
2784 	 566
2785 	 571
2786 	 576
2787 	 581
2788 	 586
2789 	 591
2790 	 596
2791 	 601
2792 	 606
2793 	 611
2794 	 616
2795 	 621
2796 	 626
2797 	 631
2798 	 636
2799 	 641
2800 	 651
2801 	 656
2802 	 661
2803 	 666
2804 	 671
2805 	 676
2806 	 681
2807 	 686
2808 	 691
2809 	 696
2810 	 701
2811 	 706
2812 	 711
2813 	 716
2814 	 721
2815 	 726
2816 	 731
2817 	 736
2818 	 741
2819 	 746
2820 	 751
2821 	 756
2822 	 761
2823 	 766
2824 	 771
2825 	 776
2826 	 781
2827 	 791
2828 	 801
2829 	 806
2830 	 811
2831 	 816
2832 	 821
2833 	 826
2834 	 831
2835 	 836
2836 	 841
2837 	 846
2838 	 851
2839 	 856
2840 	 861
2841 	 866
2842 	 871
2843 	 876
2844 	 881
2845 	 886
2846 	 891
2847 	 896
2848 	 901
2849 	 906
2850 	 911
2851 	 916
2852 	 921
2853 	 926
2854 	 2147483647
2855 	 2147483647
2856 	 2147483647
2857 	 2147483647
2858 	 2147483647
2859 	 459
2860 	 464
2861 	 469
2862 	 474
2863 	 479
2864 	 484
2865 	 489
2866 	 494
2867 	 499
2868 	 504
2869 	 514
2870 	 519
2871 	 524
2872 	 529
2873 	 539
2874 	 544
2875 	 549
2876 	 554
2877 	 559
2878 	 564
2879 	 569
2880 	 579
2881 	 584
2882 	 589
2883 	 594
2884 	 599
2885 	 604
2886 	 609
2887 	 614
2888 	 619
2889 	 624
2890 	 629
2891 	 634
2892 	 639
2893 	 644
2894 	 649
2895 	 654
2896 	 664
2897 	 669
2898 	 674
2899 	 679
2900 	 684
2901 	 689
2902 	 694
2903 	 699
2904 	 704
2905 	 714
2906 	 719
2907 	 724
2908 	 729
2909 	 739
2910 	 744
2911 	 749
2912 	 754
2913 	 759
2914 	 764
2915 	 769
2916 	 774
2917 	 779
2918 	 784
2919 	 789
2920 	 794
2921 	 804
2922 	 814
2923 	 819
2924 	 824
2925 	 829
2926 	 834
2927 	 839
2928 	 844
2929 	 849
2930 	 854
2931 	 859
2932 	 864
2933 	 869
2934 	 874
2935 	 879
2936 	 884
2937 	 889
2938 	 894
2939 	 899
2940 	 904
2941 	 909
2942 	 914
2943 	 919
2944 	 924
2945 	 929
2946 	 934
2947 	 939
2948 	 2147483647
2949 	 2147483647
2950 	 2147483647
2951 	 2147483647
2952 	 2147483647
2953 	 2147483647
2954 	 472
2955 	 477
2956 	 482
2957 	 487
2958 	 492
2959 	 497
2960 	 502
2961 	 507
2962 	 517
2963 	 522
2964 	 527
2965 	 532
2966 	 537
2967 	 542
2968 	 547
2969 	 552
2970 	 557
2971 	 567
2972 	 572
2973 	 577
2974 	 582
2975 	 592
2976 	 597
2977 	 602
2978 	 607
2979 	 612
2980 	 617
2981 	 622
2982 	 627
2983 	 632
2984 	 637
2985 	 642
2986 	 647
2987 	 652
2988 	 662
2989 	 667
2990 	 672
2991 	 677
2992 	 682
2993 	 692
2994 	 697
2995 	 702
2996 	 707
2997 	 712
2998 	 717
2999 	 727
3000 	 732
3001 	 737
3002 	 742
3003 	 752
3004 	 757
3005 	 762
3006 	 767
3007 	 772
3008 	 777
3009 	 782
3010 	 787
3011 	 792
3012 	 797
3013 	 802
3014 	 807
3015 	 812
3016 	 817
3017 	 822
3018 	 827
3019 	 832
3020 	 837
3021 	 842
3022 	 852
3023 	 857
3024 	 862
3025 	 867
3026 	 872
3027 	 877
3028 	 882
3029 	 887
3030 	 892
3031 	 897
3032 	 902
3033 	 907
3034 	 912
3035 	 917
3036 	 922
3037 	 932
3038 	 937
3039 	 942
3040 	 947
3041 	 952
3042 	 2147483647
3043 	 2147483647
3044 	 2147483647
3045 	 2147483647
3046 	 2147483647
3047 	 2147483647
3048 	 485
3049 	 490
3050 	 495
3051 	 515
3052 	 520
3053 	 530
3054 	 540
3055 	 545
3056 	 550
3057 	 555
3058 	 560
3059 	 570
3060 	 580
3061 	 585
3062 	 590
3063 	 595
3064 	 600
3065 	 605
3066 	 610
3067 	 615
3068 	 620
3069 	 625
3070 	 630
3071 	 635
3072 	 640
3073 	 645
3074 	 650
3075 	 655
3076 	 660
3077 	 665
3078 	 675
3079 	 680
3080 	 685
3081 	 690
3082 	 695
3083 	 705
3084 	 710
3085 	 715
3086 	 720
3087 	 725
3088 	 730
3089 	 735
3090 	 740
3091 	 745
3092 	 750
3093 	 755
3094 	 760
3095 	 765
3096 	 770
3097 	 775
3098 	 780
3099 	 785
3100 	 795
3101 	 800
3102 	 805
3103 	 810
3104 	 815
3105 	 820
3106 	 825
3107 	 830
3108 	 835
3109 	 840
3110 	 845
3111 	 850
3112 	 855
3113 	 865
3114 	 870
3115 	 880
3116 	 885
3117 	 890
3118 	 900
3119 	 905
3120 	 910
3121 	 915
3122 	 920
3123 	 925
3124 	 930
3125 	 935
3126 	 945
3127 	 955
3128 	 960
3129 	 965
3130 	 2147483647
3131 	 2147483647
3132 	 2147483647
3133 	 2147483647
3134 	 2147483647
3135 	 498
3136 	 503
3137 	 508
3138 	 513
3139 	 518
3140 	 523
3141 	 528
3142 	 533
3143 	 538
3144 	 543
3145 	 553
3146 	 573
3147 	 583
3148 	 588
3149 	 593
3150 	 598
3151 	 603
3152 	 608
3153 	 613
3154 	 618
3155 	 623
3156 	 628
3157 	 638
3158 	 648
3159 	 653
3160 	 658
3161 	 663
3162 	 668
3163 	 673
3164 	 678
3165 	 683
3166 	 688
3167 	 693
3168 	 698
3169 	 703
3170 	 708
3171 	 713
3172 	 718
3173 	 723
3174 	 728
3175 	 733
3176 	 738
3177 	 743
3178 	 748
3179 	 753
3180 	 758
3181 	 763
3182 	 768
3183 	 773
3184 	 778
3185 	 783
3186 	 788
3187 	 793
3188 	 798
3189 	 808
3190 	 813
3191 	 818
3192 	 823
3193 	 828
3194 	 833
3195 	 838
3196 	 843
3197 	 848
3198 	 853
3199 	 858
3200 	 863
3201 	 868
3202 	 873
3203 	 878
3204 	 883
3205 	 893
3206 	 898
3207 	 903
3208 	 913
3209 	 918
3210 	 923
3211 	 928
3212 	 933
3213 	 938
3214 	 943
3215 	 948
3216 	 953
3217 	 958
3218 	 968
3219 	 973
3220 	 978
3221 	 2147483647
3222 	 2147483647
3223 	 2147483647
3224 	 2147483647
3225 	 2147483647
3226 	 2147483647
3227 	 516
3228 	 521
3229 	 526
3230 	 536
3231 	 541
3232 	 546
3233 	 551
3234 	 556
3235 	 561
3236 	 566
3237 	 571
3238 	 576
3239 	 581
3240 	 586
3241 	 591
3242 	 596
3243 	 601
3244 	 606
3245 	 616
3246 	 621
3247 	 626
3248 	 631
3249 	 636
3250 	 641
3251 	 651
3252 	 661
3253 	 666
3254 	 671
3255 	 676
3256 	 681
3257 	 686
3258 	 691
3259 	 696
3260 	 701
3261 	 706
3262 	 711
3263 	 716
3264 	 721
3265 	 726
3266 	 731
3267 	 736
3268 	 741
3269 	 746
3270 	 751
3271 	 756
3272 	 761
3273 	 766
3274 	 771
3275 	 776
3276 	 781
3277 	 786
3278 	 791
3279 	 796
3280 	 801
3281 	 806
3282 	 811
3283 	 816
3284 	 821
3285 	 826
3286 	 831
3287 	 836
3288 	 841
3289 	 846
3290 	 851
3291 	 856
3292 	 866
3293 	 871
3294 	 876
3295 	 881
3296 	 886
3297 	 891
3298 	 896
3299 	 901
3300 	 906
3301 	 911
3302 	 916
3303 	 921
3304 	 926
3305 	 931
3306 	 936
3307 	 941
3308 	 946
3309 	 951
3310 	 956
3311 	 961
3312 	 966
3313 	 971
3314 	 976
3315 	 981
3316 	 986
3317 	 991
3318 	 2147483647
3319 	 2147483647
3320 	 2147483647
3321 	 2147483647
3322 	 2147483647
3323 	 529
3324 	 539
3325 	 549
3326 	 554
3327 	 559
3328 	 564
3329 	 569
3330 	 574
3331 	 579
3332 	 584
3333 	 589
3334 	 594
3335 	 614
3336 	 619
3337 	 629
3338 	 634
3339 	 639
3340 	 644
3341 	 649
3342 	 654
3343 	 659
3344 	 664
3345 	 669
3346 	 674
3347 	 679
3348 	 684
3349 	 689
3350 	 694
3351 	 699
3352 	 704
3353 	 709
3354 	 714
3355 	 719
3356 	 724
3357 	 729
3358 	 734
3359 	 739
3360 	 744
3361 	 749
3362 	 754
3363 	 759
3364 	 764
3365 	 774
3366 	 779
3367 	 784
3368 	 794
3369 	 799
3370 	 804
3371 	 809
3372 	 814
3373 	 819
3374 	 824
3375 	 829
3376 	 834
3377 	 839
3378 	 844
3379 	 854
3380 	 859
3381 	 864
3382 	 869
3383 	 879
3384 	 884
3385 	 889
3386 	 899
3387 	 904
3388 	 909
3389 	 919
3390 	 924
3391 	 929
3392 	 934
3393 	 939
3394 	 944
3395 	 949
3396 	 954
3397 	 959
3398 	 964
3399 	 969
3400 	 974
3401 	 979
3402 	 984
3403 	 989
3404 	 994
3405 	 999
3406 	 1004
3407 	 2147483647
3408 	 2147483647
3409 	 2147483647
3410 	 2147483647
3411 	 2147483647
3412 	 542
3413 	 552
3414 	 557
3415 	 562
3416 	 567
3417 	 572
3418 	 577
3419 	 582
3420 	 592
3421 	 597
3422 	 607
3423 	 612
3424 	 617
3425 	 622
3426 	 627
3427 	 632
3428 	 637
3429 	 642
3430 	 652
3431 	 657
3432 	 662
3433 	 667
3434 	 672
3435 	 677
3436 	 682
3437 	 687
3438 	 692
3439 	 697
3440 	 702
3441 	 707
3442 	 712
3443 	 717
3444 	 722
3445 	 727
3446 	 732
3447 	 737
3448 	 742
3449 	 747
3450 	 752
3451 	 757
3452 	 762
3453 	 767
3454 	 772
3455 	 777
3456 	 787
3457 	 792
3458 	 797
3459 	 807
3460 	 812
3461 	 817
3462 	 822
3463 	 827
3464 	 832
3465 	 842
3466 	 847
3467 	 852
3468 	 857
3469 	 867
3470 	 872
3471 	 877
3472 	 882
3473 	 887
3474 	 892
3475 	 897
3476 	 902
3477 	 912
3478 	 917
3479 	 922
3480 	 932
3481 	 937
3482 	 942
3483 	 947
3484 	 957
3485 	 962
3486 	 972
3487 	 977
3488 	 982
3489 	 992
3490 	 997
3491 	 1002
3492 	 1007
3493 	 1012
3494 	 2147483647
3495 	 2147483647
3496 	 2147483647
3497 	 2147483647
3498 	 2147483647
3499 	 2147483647
3500 	 2147483647
3501 	 555
3502 	 560
3503 	 565
3504 	 570
3505 	 575
3506 	 580
3507 	 585
3508 	 590
3509 	 595
3510 	 605
3511 	 610
3512 	 620
3513 	 625
3514 	 630
3515 	 640
3516 	 650
3517 	 655
3518 	 665
3519 	 675
3520 	 680
3521 	 685
3522 	 690
3523 	 695
3524 	 700
3525 	 705
3526 	 710
3527 	 715
3528 	 720
3529 	 725
3530 	 730
3531 	 735
3532 	 740
3533 	 750
3534 	 755
3535 	 765
3536 	 770
3537 	 775
3538 	 780
3539 	 785
3540 	 790
3541 	 795
3542 	 800
3543 	 805
3544 	 810
3545 	 815
3546 	 820
3547 	 825
3548 	 830
3549 	 835
3550 	 840
3551 	 845
3552 	 855
3553 	 860
3554 	 865
3555 	 870
3556 	 875
3557 	 880
3558 	 885
3559 	 890
3560 	 895
3561 	 900
3562 	 905
3563 	 910
3564 	 915
3565 	 920
3566 	 925
3567 	 930
3568 	 935
3569 	 940
3570 	 945
3571 	 950
3572 	 955
3573 	 960
3574 	 970
3575 	 975
3576 	 985
3577 	 990
3578 	 995
3579 	 1005
3580 	 1010
3581 	 1015
3582 	 1025
3583 	 2147483647
3584 	 2147483647
3585 	 2147483647
3586 	 2147483647
3587 	 2147483647
3588 	 2147483647
3589 	 2147483647
3590 	 568
3591 	 573
3592 	 578
3593 	 583
3594 	 603
3595 	 608
3596 	 613
3597 	 618
3598 	 623
3599 	 628
3600 	 633
3601 	 643
3602 	 653
3603 	 663
3604 	 668
3605 	 673
3606 	 678
3607 	 688
3608 	 708
3609 	 713
3610 	 723
3611 	 728
3612 	 733
3613 	 738
3614 	 748
3615 	 753
3616 	 763
3617 	 768
3618 	 778
3619 	 783
3620 	 793
3621 	 798
3622 	 803
3623 	 808
3624 	 813
3625 	 818
3626 	 823
3627 	 828
3628 	 833
3629 	 838
3630 	 843
3631 	 848
3632 	 858
3633 	 863
3634 	 868
3635 	 873
3636 	 878
3637 	 883
3638 	 888
3639 	 893
3640 	 898
3641 	 903
3642 	 908
3643 	 918
3644 	 923
3645 	 928
3646 	 933
3647 	 938
3648 	 943
3649 	 948
3650 	 953
3651 	 958
3652 	 963
3653 	 968
3654 	 973
3655 	 978
3656 	 983
3657 	 988
3658 	 993
3659 	 998
3660 	 1003
3661 	 1008
3662 	 1013
3663 	 1018
3664 	 1023
3665 	 1028
3666 	 1038
3667 	 1043
3668 	 2147483647
3669 	 2147483647
3670 	 2147483647
3671 	 2147483647
3672 	 2147483647
3673 	 586
3674 	 596
3675 	 601
3676 	 606
3677 	 611
3678 	 616
3679 	 621
3680 	 631
3681 	 636
3682 	 641
3683 	 646
3684 	 656
3685 	 661
3686 	 666
3687 	 671
3688 	 676
3689 	 681
3690 	 686
3691 	 691
3692 	 696
3693 	 701
3694 	 706
3695 	 711
3696 	 716
3697 	 721
3698 	 726
3699 	 736
3700 	 746
3701 	 751
3702 	 761
3703 	 766
3704 	 771
3705 	 776
3706 	 781
3707 	 786
3708 	 791
3709 	 796
3710 	 806
3711 	 811
3712 	 816
3713 	 821
3714 	 826
3715 	 831
3716 	 836
3717 	 841
3718 	 846
3719 	 851
3720 	 856
3721 	 861
3722 	 871
3723 	 876
3724 	 881
3725 	 886
3726 	 891
3727 	 896
3728 	 901
3729 	 906
3730 	 911
3731 	 916
3732 	 921
3733 	 931
3734 	 936
3735 	 941
3736 	 946
3737 	 951
3738 	 956
3739 	 961
3740 	 966
3741 	 971
3742 	 976
3743 	 981
3744 	 986
3745 	 991
3746 	 996
3747 	 1001
3748 	 1006
3749 	 1011
3750 	 1016
3751 	 1021
3752 	 1026
3753 	 1031
3754 	 1036
3755 	 1041
3756 	 1046
3757 	 1051
3758 	 1056
3759 	 2147483647
3760 	 2147483647
3761 	 2147483647
3762 	 2147483647
3763 	 2147483647
3764 	 599
3765 	 609
3766 	 614
3767 	 619
3768 	 624
3769 	 634
3770 	 644
3771 	 649
3772 	 659
3773 	 664
3774 	 669
3775 	 674
3776 	 679
3777 	 684
3778 	 689
3779 	 694
3780 	 699
3781 	 704
3782 	 709
3783 	 714
3784 	 719
3785 	 724
3786 	 729
3787 	 734
3788 	 739
3789 	 744
3790 	 749
3791 	 759
3792 	 764
3793 	 769
3794 	 774
3795 	 779
3796 	 784
3797 	 789
3798 	 794
3799 	 799
3800 	 804
3801 	 809
3802 	 814
3803 	 819
3804 	 824
3805 	 829
3806 	 834
3807 	 839
3808 	 844
3809 	 849
3810 	 854
3811 	 859
3812 	 864
3813 	 869
3814 	 874
3815 	 879
3816 	 884
3817 	 889
3818 	 894
3819 	 899
3820 	 909
3821 	 914
3822 	 919
3823 	 924
3824 	 929
3825 	 934
3826 	 939
3827 	 944
3828 	 949
3829 	 954
3830 	 959
3831 	 969
3832 	 974
3833 	 979
3834 	 984
3835 	 989
3836 	 994
3837 	 999
3838 	 1004
3839 	 1009
3840 	 1014
3841 	 1019
3842 	 1024
3843 	 1029
3844 	 1034
3845 	 1039
3846 	 1044
3847 	 1049
3848 	 1054
3849 	 1059
3850 	 1064
3851 	 1069
3852 	 2147483647
3853 	 2147483647
3854 	 2147483647
3855 	 2147483647
3856 	 2147483647
3857 	 2147483647
3858 	 2147483647
3859 	 2147483647
3860 	 612
3861 	 617
3862 	 622
3863 	 632
3864 	 637
3865 	 647
3866 	 652
3867 	 657
3868 	 662
3869 	 672
3870 	 677
3871 	 682
3872 	 687
3873 	 692
3874 	 697
3875 	 702
3876 	 707
3877 	 712
3878 	 717
3879 	 722
3880 	 727
3881 	 732
3882 	 737
3883 	 742
3884 	 747
3885 	 752
3886 	 762
3887 	 767
3888 	 772
3889 	 777
3890 	 797
3891 	 802
3892 	 807
3893 	 812
3894 	 817
3895 	 822
3896 	 827
3897 	 832
3898 	 842
3899 	 847
3900 	 852
3901 	 857
3902 	 862
3903 	 867
3904 	 872
3905 	 877
3906 	 882
3907 	 887
3908 	 892
3909 	 897
3910 	 902
3911 	 907
3912 	 912
3913 	 922
3914 	 927
3915 	 932
3916 	 937
3917 	 942
3918 	 947
3919 	 952
3920 	 957
3921 	 962
3922 	 967
3923 	 972
3924 	 982
3925 	 987
3926 	 997
3927 	 1002
3928 	 1007
3929 	 1012
3930 	 1017
3931 	 1022
3932 	 1027
3933 	 1032
3934 	 1037
3935 	 1042
3936 	 1047
3937 	 1057
3938 	 1062
3939 	 1067
3940 	 1072
3941 	 1077
3942 	 1082
3943 	 2147483647
3944 	 2147483647
3945 	 2147483647
3946 	 2147483647
3947 	 2147483647
3948 	 630
3949 	 635
3950 	 645
3951 	 650
3952 	 655
3953 	 660
3954 	 665
3955 	 670
3956 	 675
3957 	 680
3958 	 685
3959 	 690
3960 	 695
3961 	 700
3962 	 705
3963 	 710
3964 	 715
3965 	 720
3966 	 725
3967 	 730
3968 	 735
3969 	 740
3970 	 745
3971 	 750
3972 	 755
3973 	 765
3974 	 775
3975 	 780
3976 	 785
3977 	 790
3978 	 795
3979 	 800
3980 	 805
3981 	 810
3982 	 815
3983 	 820
3984 	 825
3985 	 830
3986 	 835
3987 	 840
3988 	 845
3989 	 855
3990 	 860
3991 	 865
3992 	 870
3993 	 875
3994 	 880
3995 	 885
3996 	 895
3997 	 900
3998 	 905
3999 	 910
4000 	 915
4001 	 925
4002 	 930
4003 	 935
4004 	 940
4005 	 945
4006 	 955
4007 	 960
4008 	 965
4009 	 970
4010 	 975
4011 	 980
4012 	 985
4013 	 990
4014 	 995
4015 	 1000
4016 	 1010
4017 	 1015
4018 	 1020
4019 	 1025
4020 	 1030
4021 	 1035
4022 	 1040
4023 	 1045
4024 	 1050
4025 	 1055
4026 	 1060
4027 	 1070
4028 	 1075
4029 	 1080
4030 	 1085
4031 	 1090
4032 	 1095
4033 	 2147483647
4034 	 2147483647
4035 	 2147483647
4036 	 2147483647
4037 	 2147483647
4038 	 2147483647
4039 	 2147483647
4040 	 2147483647
4041 	 643
4042 	 648
4043 	 653
4044 	 658
4045 	 663
4046 	 673
4047 	 683
4048 	 688
4049 	 693
4050 	 698
4051 	 703
4052 	 708
4053 	 713
4054 	 718
4055 	 723
4056 	 728
4057 	 733
4058 	 738
4059 	 743
4060 	 753
4061 	 763
4062 	 768
4063 	 778
4064 	 783
4065 	 788
4066 	 793
4067 	 798
4068 	 803
4069 	 813
4070 	 818
4071 	 823
4072 	 828
4073 	 838
4074 	 843
4075 	 848
4076 	 853
4077 	 858
4078 	 863
4079 	 868
4080 	 873
4081 	 878
4082 	 883
4083 	 888
4084 	 893
4085 	 898
4086 	 908
4087 	 913
4088 	 923
4089 	 928
4090 	 938
4091 	 943
4092 	 948
4093 	 953
4094 	 958
4095 	 968
4096 	 973
4097 	 978
4098 	 983
4099 	 988
4100 	 993
4101 	 998
4102 	 1003
4103 	 1008
4104 	 1013
4105 	 1018
4106 	 1023
4107 	 1028
4108 	 1033
4109 	 1038
4110 	 1043
4111 	 1048
4112 	 1053
4113 	 1063
4114 	 1068
4115 	 1073
4116 	 1078
4117 	 1083
4118 	 1088
