
Tempo total de execução: 3.000000 milissegundo(s).

0 	 2147483647
1 	 0
2 	 5
3 	 10
4 	 15
5 	 20
6 	 25
7 	 30
8 	 35
9 	 40
10 	 45
11 	 50
12 	 55
13 	 60
14 	 65
15 	 70
16 	 75
17 	 80
18 	 85
19 	 90
20 	 95
21 	 100
22 	 105
23 	 110
24 	 115
25 	 120
26 	 125
27 	 130
28 	 135
29 	 140
30 	 145
31 	 150
32 	 155
33 	 160
34 	 165
35 	 170
36 	 175
37 	 180
38 	 185
39 	 190
40 	 13
41 	 18
42 	 23
43 	 28
44 	 33
45 	 38
46 	 43
47 	 53
48 	 58
49 	 63
50 	 68
51 	 73
52 	 78
53 	 83
54 	 88
55 	 93
56 	 98
57 	 103
58 	 108
59 	 113
60 	 118
61 	 123
62 	 128
63 	 133
64 	 138
65 	 143
66 	 148
67 	 153
68 	 158
69 	 163
70 	 168
71 	 173
72 	 178
73 	 183
74 	 188
75 	 193
76 	 198
77 	 203
78 	 26
79 	 36
80 	 41
81 	 46
82 	 51
83 	 56
84 	 66
85 	 71
86 	 76
87 	 81
88 	 86
89 	 91
90 	 96
91 	 101
92 	 106
93 	 111
94 	 121
95 	 126
96 	 131
97 	 136
98 	 141
99 	 146
100 	 151
101 	 156
102 	 161
103 	 166
104 	 171
105 	 181
106 	 186
107 	 191
108 	 196
109 	 201
110 	 206
111 	 211
112 	 216
113 	 39
114 	 49
115 	 54
116 	 59
117 	 64
118 	 69
119 	 74
120 	 79
121 	 84
122 	 89
123 	 94
124 	 99
125 	 109
126 	 114
127 	 119
128 	 124
129 	 134
130 	 139
131 	 144
132 	 149
133 	 154
134 	 159
135 	 164
136 	 169
137 	 174
138 	 179
139 	 184
140 	 194
141 	 199
142 	 204
143 	 209
144 	 214
145 	 219
146 	 224
147 	 229
148 	 52
149 	 57
150 	 62
151 	 67
152 	 72
153 	 77
154 	 82
155 	 87
156 	 92
157 	 102
158 	 107
159 	 112
160 	 122
161 	 127
162 	 132
163 	 137
164 	 142
165 	 147
166 	 152
167 	 157
168 	 162
169 	 167
170 	 172
171 	 177
172 	 182
173 	 187
174 	 192
175 	 197
176 	 202
177 	 207
178 	 212
179 	 217
180 	 222
181 	 227
182 	 232
183 	 237
184 	 242
185 	 65
186 	 70
187 	 75
188 	 80
189 	 85
190 	 90
191 	 95
192 	 100
193 	 105
194 	 115
195 	 120
196 	 125
197 	 130
198 	 135
199 	 140
200 	 145
201 	 150
202 	 155
203 	 160
204 	 165
205 	 170
206 	 175
207 	 180
208 	 185
209 	 190
210 	 200
211 	 205
212 	 210
213 	 215
214 	 220
215 	 225
216 	 230
217 	 235
218 	 240
219 	 245
220 	 250
221 	 255
222 	 78
223 	 83
224 	 88
225 	 93
226 	 98
227 	 103
228 	 108
229 	 113
230 	 118
231 	 123
232 	 128
233 	 133
234 	 138
235 	 143
236 	 148
237 	 153
238 	 158
239 	 163
240 	 168
241 	 173
242 	 178
243 	 183
244 	 193
245 	 198
246 	 203
247 	 213
248 	 218
249 	 223
250 	 228
251 	 233
252 	 238
253 	 243
254 	 248
255 	 253
256 	 258
257 	 268
258 	 91
259 	 96
260 	 101
261 	 106
262 	 111
263 	 116
264 	 121
265 	 126
266 	 131
267 	 136
268 	 141
269 	 146
270 	 151
271 	 156
272 	 161
273 	 166
274 	 171
275 	 176
276 	 181
277 	 186
278 	 191
279 	 196
280 	 206
281 	 211
282 	 216
283 	 221
284 	 226
285 	 231
286 	 236
287 	 246
288 	 251
289 	 256
290 	 261
291 	 266
292 	 271
293 	 281
294 	 104
295 	 114
296 	 119
297 	 124
298 	 129
299 	 134
300 	 139
301 	 144
302 	 149
303 	 154
304 	 159
305 	 164
306 	 169
307 	 174
308 	 179
309 	 184
310 	 189
311 	 194
312 	 199
313 	 204
314 	 209
315 	 214
316 	 219
317 	 224
318 	 229
319 	 234
320 	 239
321 	 244
322 	 249
323 	 259
324 	 264
325 	 269
326 	 274
327 	 279
328 	 284
329 	 289
330 	 294
331 	 117
332 	 127
333 	 132
334 	 137
335 	 142
336 	 147
337 	 152
338 	 157
339 	 162
340 	 167
341 	 172
342 	 177
343 	 182
344 	 187
345 	 192
346 	 197
347 	 202
348 	 207
349 	 212
350 	 217
351 	 222
352 	 227
353 	 232
354 	 237
355 	 242
356 	 247
357 	 252
358 	 257
359 	 262
360 	 267
361 	 272
362 	 277
363 	 282
364 	 287
365 	 292
366 	 297
367 	 302
368 	 307
369 	 130
370 	 135
371 	 140
372 	 145
373 	 150
374 	 155
375 	 160
376 	 165
377 	 170
378 	 175
379 	 180
380 	 185
381 	 190
382 	 195
383 	 200
384 	 205
385 	 215
386 	 220
387 	 225
388 	 230
389 	 235
390 	 240
391 	 245
392 	 250
393 	 255
394 	 260
395 	 265
396 	 270
397 	 275
398 	 280
399 	 285
400 	 290
401 	 295
402 	 300
403 	 305
404 	 310
405 	 315
406 	 320
407 	 143
408 	 148
409 	 153
410 	 158
411 	 163
412 	 168
413 	 173
414 	 178
415 	 183
416 	 188
417 	 193
418 	 198
419 	 203
420 	 208
421 	 213
422 	 218
423 	 228
424 	 233
425 	 238
426 	 243
427 	 248
428 	 258
429 	 263
430 	 268
431 	 273
432 	 278
433 	 283
434 	 303
435 	 308
436 	 313
437 	 318
438 	 323
439 	 328
440 	 333
441 	 156
442 	 161
443 	 166
444 	 176
445 	 181
446 	 186
447 	 191
448 	 196
449 	 201
450 	 211
451 	 216
452 	 221
453 	 226
454 	 231
455 	 236
456 	 241
457 	 246
458 	 251
459 	 256
460 	 261
461 	 271
462 	 276
463 	 281
464 	 286
465 	 291
466 	 296
467 	 301
468 	 306
469 	 311
470 	 316
471 	 321
472 	 326
473 	 331
474 	 341
475 	 346
476 	 169
477 	 174
478 	 179
479 	 189
480 	 194
481 	 199
482 	 209
483 	 214
484 	 224
485 	 229
486 	 234
487 	 239
488 	 244
489 	 249
490 	 254
491 	 259
492 	 264
493 	 269
494 	 274
495 	 279
496 	 284
497 	 289
498 	 294
499 	 299
500 	 304
501 	 309
502 	 314
503 	 319
504 	 324
505 	 329
506 	 334
507 	 339
508 	 344
509 	 354
510 	 359
511 	 182
512 	 187
513 	 192
514 	 197
515 	 202
516 	 207
517 	 212
518 	 222
519 	 227
520 	 232
521 	 237
522 	 242
523 	 247
524 	 252
525 	 257
526 	 262
527 	 272
528 	 277
529 	 282
530 	 287
531 	 292
532 	 297
533 	 302
534 	 307
535 	 312
536 	 317
537 	 322
538 	 327
539 	 332
540 	 337
541 	 342
542 	 347
543 	 352
544 	 357
545 	 362
546 	 367
547 	 372
548 	 195
549 	 200
550 	 205
551 	 210
552 	 215
553 	 220
554 	 225
555 	 230
556 	 235
557 	 240
558 	 245
559 	 250
560 	 255
561 	 260
562 	 265
563 	 270
564 	 275
565 	 285
566 	 290
567 	 295
568 	 300
569 	 305
570 	 310
571 	 315
572 	 320
573 	 325
574 	 330
575 	 335
576 	 340
577 	 345
578 	 350
579 	 355
580 	 360
581 	 365
582 	 370
583 	 375
584 	 380
585 	 385
586 	 208
587 	 213
588 	 218
589 	 223
590 	 228
591 	 233
592 	 238
593 	 243
594 	 248
595 	 253
596 	 258
597 	 263
598 	 268
599 	 273
600 	 278
601 	 283
602 	 288
603 	 293
604 	 298
605 	 303
606 	 308
607 	 313
608 	 318
609 	 323
610 	 328
611 	 333
612 	 338
613 	 343
614 	 348
615 	 353
616 	 358
617 	 363
618 	 368
619 	 373
620 	 378
621 	 383
622 	 388
623 	 393
624 	 398
625 	 221
626 	 226
627 	 231
628 	 236
629 	 241
630 	 246
631 	 251
632 	 256
633 	 261
634 	 266
635 	 271
636 	 276
637 	 281
638 	 286
639 	 291
640 	 296
641 	 301
642 	 306
643 	 311
644 	 316
645 	 321
646 	 326
647 	 331
648 	 336
649 	 341
650 	 346
651 	 351
652 	 356
653 	 361
654 	 366
655 	 371
656 	 376
657 	 381
658 	 386
659 	 391
660 	 396
661 	 401
662 	 406
