
Tempo total de execução: 2.000000 milissegundo(s).

0 	 2147483647
1 	 0
2 	 5
3 	 10
4 	 15
5 	 20
6 	 25
7 	 2147483647
8 	 2147483647
9 	 2147483647
10 	 2147483647
11 	 2147483647
12 	 2147483647
13 	 2147483647
14 	 2147483647
15 	 2147483647
16 	 2147483647
17 	 2147483647
18 	 2147483647
19 	 2147483647
20 	 2147483647
21 	 2147483647
22 	 2147483647
23 	 2147483647
24 	 2147483647
25 	 2147483647
26 	 2147483647
27 	 2147483647
28 	 2147483647
29 	 2147483647
30 	 2147483647
31 	 2147483647
32 	 2147483647
33 	 2147483647
34 	 2147483647
35 	 2147483647
36 	 2147483647
37 	 2147483647
38 	 2147483647
39 	 2147483647
40 	 2147483647
41 	 2147483647
42 	 2147483647
43 	 2147483647
44 	 13
45 	 18
46 	 23
47 	 28
48 	 38
49 	 43
50 	 48
51 	 53
52 	 58
53 	 63
54 	 68
55 	 73
56 	 78
57 	 83
58 	 88
59 	 93
60 	 98
61 	 103
62 	 108
63 	 113
64 	 118
65 	 123
66 	 128
67 	 133
68 	 138
69 	 143
70 	 148
71 	 153
72 	 158
73 	 163
74 	 168
75 	 2147483647
76 	 2147483647
77 	 2147483647
78 	 2147483647
79 	 2147483647
80 	 2147483647
81 	 2147483647
82 	 2147483647
83 	 2147483647
84 	 2147483647
85 	 2147483647
86 	 26
87 	 31
88 	 41
89 	 51
90 	 56
91 	 61
92 	 66
93 	 71
94 	 76
95 	 81
96 	 86
97 	 91
98 	 96
99 	 101
100 	 106
101 	 111
102 	 116
103 	 126
104 	 131
105 	 136
106 	 141
107 	 146
108 	 151
109 	 161
110 	 166
111 	 171
112 	 176
113 	 181
114 	 186
115 	 191
116 	 196
117 	 201
118 	 206
119 	 211
120 	 2147483647
121 	 2147483647
122 	 2147483647
123 	 2147483647
124 	 2147483647
125 	 2147483647
126 	 39
127 	 44
128 	 54
129 	 59
130 	 64
131 	 69
132 	 74
133 	 79
134 	 84
135 	 89
136 	 94
137 	 99
138 	 104
139 	 109
140 	 114
141 	 119
142 	 124
143 	 129
144 	 139
145 	 144
146 	 149
147 	 159
148 	 164
149 	 174
150 	 179
151 	 184
152 	 189
153 	 194
154 	 199
155 	 204
156 	 209
157 	 214
158 	 219
159 	 224
160 	 229
161 	 234
162 	 239
163 	 244
164 	 249
165 	 254
166 	 259
167 	 52
168 	 57
169 	 62
170 	 67
171 	 72
172 	 77
173 	 82
174 	 87
175 	 92
176 	 97
177 	 102
178 	 107
179 	 112
180 	 117
181 	 122
182 	 127
183 	 132
184 	 137
185 	 142
186 	 147
187 	 152
188 	 157
189 	 162
190 	 172
191 	 177
192 	 182
193 	 187
194 	 192
195 	 197
196 	 202
197 	 207
198 	 212
199 	 222
200 	 227
201 	 232
202 	 237
203 	 242
204 	 247
205 	 252
206 	 257
207 	 262
208 	 267
209 	 272
210 	 65
211 	 70
212 	 75
213 	 80
214 	 85
215 	 90
216 	 95
217 	 100
218 	 105
219 	 110
220 	 120
221 	 125
222 	 130
223 	 135
224 	 140
225 	 145
226 	 150
227 	 155
228 	 160
229 	 165
230 	 170
231 	 175
232 	 180
233 	 185
234 	 190
235 	 195
236 	 200
237 	 205
238 	 210
239 	 215
240 	 220
241 	 225
242 	 235
243 	 240
244 	 245
245 	 250
246 	 255
247 	 260
248 	 265
249 	 270
250 	 275
251 	 280
252 	 285
253 	 83
254 	 93
255 	 98
256 	 103
257 	 108
258 	 113
259 	 123
260 	 133
261 	 138
262 	 143
263 	 148
264 	 153
265 	 158
266 	 163
267 	 168
268 	 173
269 	 178
270 	 183
271 	 188
272 	 193
273 	 198
274 	 203
275 	 208
276 	 213
277 	 218
278 	 223
279 	 228
280 	 233
281 	 238
282 	 243
283 	 248
284 	 253
285 	 258
286 	 263
287 	 268
288 	 273
289 	 278
290 	 283
291 	 288
292 	 293
293 	 298
294 	 96
295 	 106
296 	 111
297 	 116
298 	 121
299 	 126
300 	 136
301 	 141
302 	 146
303 	 151
304 	 156
305 	 161
306 	 166
307 	 171
308 	 176
309 	 181
310 	 186
311 	 191
312 	 196
313 	 201
314 	 206
315 	 211
316 	 216
317 	 221
318 	 226
319 	 231
320 	 236
321 	 241
322 	 246
323 	 251
324 	 256
325 	 261
326 	 266
327 	 271
328 	 276
329 	 281
330 	 286
331 	 291
332 	 296
333 	 301
334 	 306
335 	 311
336 	 2147483647
337 	 109
338 	 114
339 	 119
340 	 124
341 	 129
342 	 134
343 	 139
344 	 144
345 	 149
346 	 154
347 	 159
348 	 164
349 	 169
350 	 174
351 	 179
352 	 184
353 	 189
354 	 194
355 	 199
356 	 204
357 	 209
358 	 214
359 	 219
360 	 224
361 	 229
362 	 234
363 	 239
364 	 244
365 	 249
366 	 254
367 	 259
368 	 264
369 	 269
370 	 274
371 	 279
372 	 284
373 	 289
374 	 294
375 	 299
376 	 304
377 	 309
378 	 314
379 	 319
380 	 324
381 	 2147483647
382 	 122
383 	 127
384 	 132
385 	 137
386 	 142
387 	 147
388 	 152
389 	 157
390 	 162
391 	 167
392 	 172
393 	 177
394 	 182
395 	 187
396 	 192
397 	 197
398 	 207
399 	 212
400 	 217
401 	 222
402 	 227
403 	 232
404 	 242
405 	 247
406 	 252
407 	 257
408 	 262
409 	 267
410 	 272
411 	 277
412 	 282
413 	 287
414 	 292
415 	 297
416 	 302
417 	 307
418 	 312
419 	 317
420 	 322
421 	 327
422 	 332
423 	 337
424 	 2147483647
425 	 2147483647
426 	 2147483647
427 	 145
428 	 150
429 	 155
430 	 160
431 	 165
432 	 170
433 	 175
434 	 180
435 	 185
436 	 190
437 	 195
438 	 200
439 	 205
440 	 210
441 	 220
442 	 230
443 	 235
444 	 240
445 	 245
446 	 255
447 	 260
448 	 265
449 	 270
450 	 275
451 	 280
452 	 285
453 	 290
454 	 295
455 	 300
456 	 305
457 	 310
458 	 315
459 	 320
460 	 325
461 	 330
462 	 335
463 	 340
464 	 345
465 	 350
466 	 2147483647
467 	 2147483647
468 	 2147483647
469 	 158
470 	 163
471 	 168
472 	 173
473 	 178
474 	 183
475 	 188
476 	 193
477 	 198
478 	 203
479 	 208
480 	 213
481 	 218
482 	 223
483 	 228
484 	 233
485 	 243
486 	 248
487 	 253
488 	 258
489 	 263
490 	 268
491 	 273
492 	 278
493 	 283
494 	 288
495 	 293
496 	 298
497 	 303
498 	 308
499 	 313
500 	 318
501 	 323
502 	 328
503 	 333
504 	 338
505 	 343
506 	 348
507 	 353
508 	 358
509 	 363
510 	 2147483647
511 	 2147483647
512 	 2147483647
513 	 171
514 	 176
515 	 181
516 	 186
517 	 191
518 	 196
519 	 201
520 	 206
521 	 211
522 	 216
523 	 221
524 	 226
525 	 231
526 	 236
527 	 241
528 	 246
529 	 251
530 	 256
531 	 261
532 	 266
533 	 271
534 	 276
535 	 281
536 	 286
537 	 291
538 	 296
539 	 301
540 	 306
541 	 311
542 	 316
543 	 321
544 	 326
545 	 331
546 	 336
547 	 341
548 	 346
549 	 351
550 	 356
551 	 361
552 	 366
553 	 371
554 	 376
555 	 2147483647
556 	 2147483647
557 	 184
558 	 189
559 	 194
560 	 199
561 	 204
562 	 209
563 	 214
564 	 219
565 	 224
566 	 229
567 	 239
568 	 244
569 	 249
570 	 259
571 	 264
572 	 269
573 	 274
574 	 279
575 	 284
576 	 289
577 	 294
578 	 299
579 	 304
580 	 309
581 	 314
582 	 319
583 	 324
584 	 329
585 	 334
586 	 339
587 	 344
588 	 354
589 	 364
590 	 369
591 	 374
592 	 379
593 	 384
594 	 389
595 	 2147483647
596 	 2147483647
597 	 197
598 	 207
599 	 212
600 	 217
601 	 222
602 	 227
603 	 232
604 	 237
605 	 242
606 	 252
607 	 257
608 	 262
609 	 272
610 	 277
611 	 282
612 	 287
613 	 292
614 	 297
615 	 302
616 	 307
617 	 312
618 	 317
619 	 322
620 	 327
621 	 332
622 	 337
623 	 342
624 	 347
625 	 352
626 	 357
627 	 367
628 	 377
629 	 382
630 	 387
631 	 392
632 	 397
633 	 402
634 	 2147483647
635 	 2147483647
636 	 2147483647
637 	 210
638 	 220
639 	 225
640 	 230
641 	 235
642 	 240
643 	 245
644 	 250
645 	 255
646 	 260
647 	 265
648 	 270
649 	 275
650 	 280
651 	 285
652 	 290
653 	 295
654 	 300
655 	 305
656 	 310
657 	 315
658 	 320
659 	 325
660 	 330
661 	 335
662 	 340
663 	 345
664 	 350
665 	 355
666 	 360
667 	 365
668 	 370
669 	 375
670 	 380
671 	 385
672 	 390
673 	 395
674 	 400
675 	 405
676 	 410
677 	 415
678 	 2147483647
679 	 2147483647
680 	 223
681 	 228
682 	 233
683 	 238
684 	 243
685 	 248
686 	 253
687 	 258
688 	 263
689 	 268
690 	 273
691 	 278
692 	 283
693 	 288
694 	 293
695 	 298
696 	 303
697 	 308
698 	 313
699 	 318
700 	 323
701 	 328
702 	 333
703 	 338
704 	 343
705 	 348
706 	 358
707 	 363
708 	 368
709 	 373
710 	 378
711 	 383
712 	 388
713 	 393
714 	 398
715 	 403
716 	 408
717 	 413
718 	 418
719 	 423
