
Tempo total de execução: 9.000000 milissegundo(s).

0 	 2147483647
1 	 0
2 	 5
3 	 10
4 	 15
5 	 20
6 	 25
7 	 30
8 	 35
9 	 2147483647
10 	 2147483647
11 	 2147483647
12 	 2147483647
13 	 2147483647
14 	 2147483647
15 	 2147483647
16 	 2147483647
17 	 2147483647
18 	 2147483647
19 	 2147483647
20 	 2147483647
21 	 2147483647
22 	 2147483647
23 	 2147483647
24 	 2147483647
25 	 2147483647
26 	 2147483647
27 	 2147483647
28 	 2147483647
29 	 2147483647
30 	 2147483647
31 	 2147483647
32 	 2147483647
33 	 2147483647
34 	 2147483647
35 	 2147483647
36 	 2147483647
37 	 2147483647
38 	 2147483647
39 	 2147483647
40 	 2147483647
41 	 2147483647
42 	 2147483647
43 	 2147483647
44 	 2147483647
45 	 2147483647
46 	 2147483647
47 	 2147483647
48 	 2147483647
49 	 2147483647
50 	 2147483647
51 	 2147483647
52 	 2147483647
53 	 2147483647
54 	 2147483647
55 	 2147483647
56 	 2147483647
57 	 2147483647
58 	 2147483647
59 	 2147483647
60 	 2147483647
61 	 2147483647
62 	 2147483647
63 	 2147483647
64 	 2147483647
65 	 2147483647
66 	 2147483647
67 	 2147483647
68 	 2147483647
69 	 2147483647
70 	 2147483647
71 	 2147483647
72 	 2147483647
73 	 2147483647
74 	 2147483647
75 	 2147483647
76 	 2147483647
77 	 2147483647
78 	 2147483647
79 	 2147483647
80 	 2147483647
81 	 2147483647
82 	 2147483647
83 	 2147483647
84 	 2147483647
85 	 2147483647
86 	 2147483647
87 	 2147483647
88 	 2147483647
89 	 2147483647
90 	 2147483647
91 	 2147483647
92 	 2147483647
93 	 2147483647
94 	 2147483647
95 	 2147483647
96 	 2147483647
97 	 2147483647
98 	 2147483647
99 	 2147483647
100 	 2147483647
101 	 2147483647
102 	 2147483647
103 	 2147483647
104 	 2147483647
105 	 2147483647
106 	 2147483647
107 	 2147483647
108 	 2147483647
109 	 2147483647
110 	 2147483647
111 	 2147483647
112 	 2147483647
113 	 2147483647
114 	 2147483647
115 	 2147483647
116 	 2147483647
117 	 2147483647
118 	 2147483647
119 	 2147483647
120 	 2147483647
121 	 2147483647
122 	 2147483647
123 	 2147483647
124 	 2147483647
125 	 2147483647
126 	 2147483647
127 	 13
128 	 18
129 	 23
130 	 28
131 	 48
132 	 2147483647
133 	 2147483647
134 	 2147483647
135 	 2147483647
136 	 2147483647
137 	 2147483647
138 	 2147483647
139 	 2147483647
140 	 2147483647
141 	 2147483647
142 	 2147483647
143 	 2147483647
144 	 2147483647
145 	 2147483647
146 	 2147483647
147 	 2147483647
148 	 2147483647
149 	 2147483647
150 	 2147483647
151 	 2147483647
152 	 2147483647
153 	 2147483647
154 	 2147483647
155 	 2147483647
156 	 2147483647
157 	 2147483647
158 	 2147483647
159 	 2147483647
160 	 2147483647
161 	 2147483647
162 	 2147483647
163 	 2147483647
164 	 2147483647
165 	 2147483647
166 	 2147483647
167 	 2147483647
168 	 2147483647
169 	 2147483647
170 	 2147483647
171 	 2147483647
172 	 2147483647
173 	 2147483647
174 	 2147483647
175 	 2147483647
176 	 2147483647
177 	 2147483647
178 	 2147483647
179 	 2147483647
180 	 2147483647
181 	 2147483647
182 	 2147483647
183 	 2147483647
184 	 2147483647
185 	 2147483647
186 	 2147483647
187 	 2147483647
188 	 2147483647
189 	 2147483647
190 	 2147483647
191 	 2147483647
192 	 2147483647
193 	 2147483647
194 	 2147483647
195 	 2147483647
196 	 2147483647
197 	 2147483647
198 	 2147483647
199 	 2147483647
200 	 2147483647
201 	 2147483647
202 	 2147483647
203 	 2147483647
204 	 2147483647
205 	 2147483647
206 	 2147483647
207 	 2147483647
208 	 2147483647
209 	 2147483647
210 	 2147483647
211 	 2147483647
212 	 2147483647
213 	 2147483647
214 	 2147483647
215 	 2147483647
216 	 2147483647
217 	 2147483647
218 	 2147483647
219 	 2147483647
220 	 2147483647
221 	 2147483647
222 	 2147483647
223 	 2147483647
224 	 2147483647
225 	 2147483647
226 	 2147483647
227 	 2147483647
228 	 2147483647
229 	 2147483647
230 	 2147483647
231 	 2147483647
232 	 2147483647
233 	 2147483647
234 	 2147483647
235 	 2147483647
236 	 2147483647
237 	 2147483647
238 	 2147483647
239 	 2147483647
240 	 26
241 	 31
242 	 36
243 	 41
244 	 46
245 	 51
246 	 56
247 	 61
248 	 66
249 	 71
250 	 76
251 	 81
252 	 86
253 	 91
254 	 96
255 	 101
256 	 106
257 	 111
258 	 116
259 	 121
260 	 126
261 	 131
262 	 136
263 	 141
264 	 2147483647
265 	 2147483647
266 	 2147483647
267 	 2147483647
268 	 2147483647
269 	 2147483647
270 	 2147483647
271 	 2147483647
272 	 2147483647
273 	 2147483647
274 	 2147483647
275 	 2147483647
276 	 2147483647
277 	 2147483647
278 	 2147483647
279 	 2147483647
280 	 2147483647
281 	 2147483647
282 	 2147483647
283 	 2147483647
284 	 2147483647
285 	 2147483647
286 	 2147483647
287 	 2147483647
288 	 2147483647
289 	 2147483647
290 	 2147483647
291 	 2147483647
292 	 2147483647
293 	 2147483647
294 	 2147483647
295 	 2147483647
296 	 2147483647
297 	 2147483647
298 	 2147483647
299 	 2147483647
300 	 2147483647
301 	 2147483647
302 	 2147483647
303 	 2147483647
304 	 2147483647
305 	 2147483647
306 	 2147483647
307 	 2147483647
308 	 2147483647
309 	 2147483647
310 	 2147483647
311 	 2147483647
312 	 2147483647
313 	 2147483647
314 	 2147483647
315 	 2147483647
316 	 2147483647
317 	 2147483647
318 	 2147483647
319 	 2147483647
320 	 2147483647
321 	 2147483647
322 	 2147483647
323 	 2147483647
324 	 2147483647
325 	 2147483647
326 	 2147483647
327 	 2147483647
328 	 2147483647
329 	 2147483647
330 	 2147483647
331 	 2147483647
332 	 2147483647
333 	 2147483647
334 	 2147483647
335 	 2147483647
336 	 2147483647
337 	 2147483647
338 	 2147483647
339 	 2147483647
340 	 2147483647
341 	 2147483647
342 	 2147483647
343 	 2147483647
344 	 2147483647
345 	 2147483647
346 	 2147483647
347 	 2147483647
348 	 2147483647
349 	 2147483647
350 	 2147483647
351 	 2147483647
352 	 2147483647
353 	 2147483647
354 	 2147483647
355 	 2147483647
356 	 2147483647
357 	 2147483647
358 	 2147483647
359 	 2147483647
360 	 2147483647
361 	 2147483647
362 	 2147483647
363 	 2147483647
364 	 2147483647
365 	 2147483647
366 	 39
367 	 49
368 	 54
369 	 59
370 	 64
371 	 69
372 	 74
373 	 84
374 	 89
375 	 94
376 	 99
377 	 104
378 	 109
379 	 114
380 	 119
381 	 129
382 	 149
383 	 154
384 	 159
385 	 164
386 	 169
387 	 174
388 	 179
389 	 184
390 	 2147483647
391 	 2147483647
392 	 2147483647
393 	 2147483647
394 	 2147483647
395 	 2147483647
396 	 2147483647
397 	 2147483647
398 	 2147483647
399 	 2147483647
400 	 2147483647
401 	 2147483647
402 	 2147483647
403 	 2147483647
404 	 2147483647
405 	 2147483647
406 	 2147483647
407 	 2147483647
408 	 2147483647
409 	 2147483647
410 	 2147483647
411 	 2147483647
412 	 2147483647
413 	 2147483647
414 	 2147483647
415 	 2147483647
416 	 2147483647
417 	 2147483647
418 	 2147483647
419 	 2147483647
420 	 2147483647
421 	 2147483647
422 	 2147483647
423 	 2147483647
424 	 2147483647
425 	 2147483647
426 	 2147483647
427 	 2147483647
428 	 2147483647
429 	 2147483647
430 	 2147483647
431 	 2147483647
432 	 2147483647
433 	 2147483647
434 	 2147483647
435 	 2147483647
436 	 2147483647
437 	 2147483647
438 	 2147483647
439 	 2147483647
440 	 2147483647
441 	 2147483647
442 	 2147483647
443 	 2147483647
444 	 2147483647
445 	 2147483647
446 	 2147483647
447 	 2147483647
448 	 2147483647
449 	 2147483647
450 	 2147483647
451 	 2147483647
452 	 2147483647
453 	 2147483647
454 	 2147483647
455 	 2147483647
456 	 2147483647
457 	 2147483647
458 	 2147483647
459 	 2147483647
460 	 2147483647
461 	 2147483647
462 	 2147483647
463 	 2147483647
464 	 2147483647
465 	 2147483647
466 	 2147483647
467 	 2147483647
468 	 2147483647
469 	 2147483647
470 	 2147483647
471 	 2147483647
472 	 2147483647
473 	 2147483647
474 	 2147483647
475 	 2147483647
476 	 2147483647
477 	 2147483647
478 	 2147483647
479 	 2147483647
480 	 2147483647
481 	 2147483647
482 	 2147483647
483 	 2147483647
484 	 2147483647
485 	 2147483647
486 	 2147483647
487 	 52
488 	 62
489 	 82
490 	 87
491 	 97
492 	 107
493 	 127
494 	 132
495 	 142
496 	 147
497 	 152
498 	 157
499 	 162
500 	 167
501 	 172
502 	 192
503 	 197
504 	 2147483647
505 	 2147483647
506 	 2147483647
507 	 2147483647
508 	 2147483647
509 	 2147483647
510 	 2147483647
511 	 2147483647
512 	 2147483647
513 	 2147483647
514 	 2147483647
515 	 2147483647
516 	 2147483647
517 	 2147483647
518 	 2147483647
519 	 2147483647
520 	 2147483647
521 	 2147483647
522 	 2147483647
523 	 2147483647
524 	 2147483647
525 	 2147483647
526 	 2147483647
527 	 2147483647
528 	 2147483647
529 	 2147483647
530 	 2147483647
531 	 2147483647
532 	 2147483647
533 	 2147483647
534 	 2147483647
535 	 2147483647
536 	 2147483647
537 	 2147483647
538 	 2147483647
539 	 2147483647
540 	 2147483647
541 	 2147483647
542 	 2147483647
543 	 2147483647
544 	 2147483647
545 	 2147483647
546 	 2147483647
547 	 2147483647
548 	 2147483647
549 	 2147483647
550 	 2147483647
551 	 2147483647
552 	 2147483647
553 	 2147483647
554 	 2147483647
555 	 2147483647
556 	 2147483647
557 	 2147483647
558 	 2147483647
559 	 2147483647
560 	 2147483647
561 	 2147483647
562 	 2147483647
563 	 2147483647
564 	 2147483647
565 	 2147483647
566 	 2147483647
567 	 2147483647
568 	 2147483647
569 	 2147483647
570 	 2147483647
571 	 2147483647
572 	 2147483647
573 	 2147483647
574 	 2147483647
575 	 2147483647
576 	 2147483647
577 	 2147483647
578 	 2147483647
579 	 2147483647
580 	 2147483647
581 	 2147483647
582 	 2147483647
583 	 2147483647
584 	 2147483647
585 	 2147483647
586 	 2147483647
587 	 2147483647
588 	 2147483647
589 	 2147483647
590 	 2147483647
591 	 2147483647
592 	 2147483647
593 	 2147483647
594 	 2147483647
595 	 2147483647
596 	 2147483647
597 	 2147483647
598 	 2147483647
599 	 2147483647
600 	 2147483647
601 	 2147483647
602 	 2147483647
603 	 65
604 	 70
605 	 75
606 	 80
607 	 85
608 	 90
609 	 95
610 	 100
611 	 105
612 	 110
613 	 120
614 	 125
615 	 130
616 	 135
617 	 140
618 	 145
619 	 150
620 	 155
621 	 160
622 	 165
623 	 170
624 	 175
625 	 180
626 	 185
627 	 190
628 	 195
629 	 200
630 	 205
631 	 210
632 	 215
633 	 220
634 	 225
635 	 2147483647
636 	 2147483647
637 	 2147483647
638 	 2147483647
639 	 2147483647
640 	 2147483647
641 	 2147483647
642 	 2147483647
643 	 2147483647
644 	 2147483647
645 	 2147483647
646 	 2147483647
647 	 2147483647
648 	 2147483647
649 	 2147483647
650 	 2147483647
651 	 2147483647
652 	 2147483647
653 	 2147483647
654 	 2147483647
655 	 2147483647
656 	 2147483647
657 	 2147483647
658 	 2147483647
659 	 2147483647
660 	 2147483647
661 	 2147483647
662 	 2147483647
663 	 2147483647
664 	 2147483647
665 	 2147483647
666 	 2147483647
667 	 2147483647
668 	 2147483647
669 	 2147483647
670 	 2147483647
671 	 2147483647
672 	 2147483647
673 	 2147483647
674 	 2147483647
675 	 2147483647
676 	 2147483647
677 	 2147483647
678 	 2147483647
679 	 2147483647
680 	 2147483647
681 	 2147483647
682 	 2147483647
683 	 2147483647
684 	 2147483647
685 	 2147483647
686 	 2147483647
687 	 2147483647
688 	 2147483647
689 	 2147483647
690 	 2147483647
691 	 2147483647
692 	 2147483647
693 	 2147483647
694 	 2147483647
695 	 2147483647
696 	 2147483647
697 	 2147483647
698 	 2147483647
699 	 2147483647
700 	 2147483647
701 	 2147483647
702 	 2147483647
703 	 2147483647
704 	 2147483647
705 	 2147483647
706 	 2147483647
707 	 2147483647
708 	 2147483647
709 	 2147483647
710 	 2147483647
711 	 2147483647
712 	 2147483647
713 	 2147483647
714 	 2147483647
715 	 2147483647
716 	 2147483647
717 	 2147483647
718 	 2147483647
719 	 2147483647
720 	 2147483647
721 	 2147483647
722 	 2147483647
723 	 2147483647
724 	 2147483647
725 	 2147483647
726 	 2147483647
727 	 2147483647
728 	 78
729 	 88
730 	 93
731 	 103
732 	 113
733 	 123
734 	 128
735 	 133
736 	 143
737 	 148
738 	 153
739 	 158
740 	 163
741 	 173
742 	 183
743 	 203
744 	 208
745 	 213
746 	 233
747 	 238
748 	 2147483647
749 	 2147483647
750 	 2147483647
751 	 2147483647
752 	 2147483647
753 	 2147483647
754 	 2147483647
755 	 2147483647
756 	 2147483647
757 	 2147483647
758 	 2147483647
759 	 2147483647
760 	 2147483647
761 	 2147483647
762 	 2147483647
763 	 2147483647
764 	 2147483647
765 	 2147483647
766 	 2147483647
767 	 2147483647
768 	 2147483647
769 	 2147483647
770 	 2147483647
771 	 2147483647
772 	 2147483647
773 	 2147483647
774 	 2147483647
775 	 2147483647
776 	 2147483647
777 	 2147483647
778 	 2147483647
779 	 2147483647
780 	 2147483647
781 	 2147483647
782 	 2147483647
783 	 2147483647
784 	 2147483647
785 	 2147483647
786 	 2147483647
787 	 2147483647
788 	 2147483647
789 	 2147483647
790 	 2147483647
791 	 2147483647
792 	 2147483647
793 	 2147483647
794 	 2147483647
795 	 2147483647
796 	 2147483647
797 	 2147483647
798 	 2147483647
799 	 2147483647
800 	 2147483647
801 	 2147483647
802 	 2147483647
803 	 2147483647
804 	 2147483647
805 	 2147483647
806 	 2147483647
807 	 2147483647
808 	 2147483647
809 	 2147483647
810 	 2147483647
811 	 2147483647
812 	 2147483647
813 	 2147483647
814 	 2147483647
815 	 2147483647
816 	 2147483647
817 	 2147483647
818 	 2147483647
819 	 2147483647
820 	 2147483647
821 	 2147483647
822 	 2147483647
823 	 2147483647
824 	 2147483647
825 	 2147483647
826 	 2147483647
827 	 2147483647
828 	 2147483647
829 	 2147483647
830 	 2147483647
831 	 2147483647
832 	 2147483647
833 	 2147483647
834 	 2147483647
835 	 2147483647
836 	 2147483647
837 	 2147483647
838 	 91
839 	 101
840 	 106
841 	 116
842 	 126
843 	 136
844 	 141
845 	 146
846 	 156
847 	 161
848 	 166
849 	 171
850 	 176
851 	 186
852 	 196
853 	 201
854 	 206
855 	 211
856 	 216
857 	 221
858 	 226
859 	 231
860 	 236
861 	 241
862 	 246
863 	 251
864 	 256
865 	 261
866 	 2147483647
867 	 2147483647
868 	 2147483647
869 	 2147483647
870 	 2147483647
871 	 2147483647
872 	 2147483647
873 	 2147483647
874 	 2147483647
875 	 2147483647
876 	 2147483647
877 	 2147483647
878 	 2147483647
879 	 2147483647
880 	 2147483647
881 	 2147483647
882 	 2147483647
883 	 2147483647
884 	 2147483647
885 	 2147483647
886 	 2147483647
887 	 2147483647
888 	 2147483647
889 	 2147483647
890 	 2147483647
891 	 2147483647
892 	 2147483647
893 	 2147483647
894 	 2147483647
895 	 2147483647
896 	 2147483647
897 	 2147483647
898 	 2147483647
899 	 2147483647
900 	 2147483647
901 	 2147483647
902 	 2147483647
903 	 2147483647
904 	 2147483647
905 	 2147483647
906 	 2147483647
907 	 2147483647
908 	 2147483647
909 	 2147483647
910 	 2147483647
911 	 2147483647
912 	 2147483647
913 	 2147483647
914 	 2147483647
915 	 2147483647
916 	 2147483647
917 	 2147483647
918 	 2147483647
919 	 2147483647
920 	 2147483647
921 	 2147483647
922 	 2147483647
923 	 2147483647
924 	 2147483647
925 	 2147483647
926 	 2147483647
927 	 2147483647
928 	 2147483647
929 	 2147483647
930 	 2147483647
931 	 2147483647
932 	 2147483647
933 	 2147483647
934 	 2147483647
935 	 2147483647
936 	 2147483647
937 	 2147483647
938 	 2147483647
939 	 2147483647
940 	 2147483647
941 	 2147483647
942 	 2147483647
943 	 2147483647
944 	 2147483647
945 	 2147483647
946 	 2147483647
947 	 2147483647
948 	 2147483647
949 	 2147483647
950 	 2147483647
951 	 2147483647
952 	 2147483647
953 	 2147483647
954 	 2147483647
955 	 2147483647
956 	 2147483647
957 	 2147483647
958 	 2147483647
959 	 2147483647
960 	 104
961 	 109
962 	 114
963 	 119
964 	 124
965 	 129
966 	 134
967 	 139
968 	 144
969 	 149
970 	 154
971 	 159
972 	 164
973 	 169
974 	 189
975 	 194
976 	 199
977 	 204
978 	 209
979 	 214
980 	 224
981 	 229
982 	 234
983 	 244
984 	 254
985 	 259
986 	 264
987 	 269
988 	 274
989 	 2147483647
990 	 2147483647
991 	 2147483647
992 	 2147483647
993 	 2147483647
994 	 2147483647
995 	 2147483647
996 	 2147483647
997 	 2147483647
998 	 2147483647
999 	 2147483647
1000 	 2147483647
1001 	 2147483647
1002 	 2147483647
1003 	 2147483647
1004 	 2147483647
1005 	 2147483647
1006 	 2147483647
1007 	 2147483647
1008 	 2147483647
1009 	 2147483647
1010 	 2147483647
1011 	 2147483647
1012 	 2147483647
1013 	 2147483647
1014 	 2147483647
1015 	 2147483647
1016 	 2147483647
1017 	 2147483647
1018 	 2147483647
1019 	 2147483647
1020 	 2147483647
1021 	 2147483647
1022 	 2147483647
1023 	 2147483647
1024 	 2147483647
1025 	 2147483647
1026 	 2147483647
1027 	 2147483647
1028 	 2147483647
1029 	 2147483647
1030 	 2147483647
1031 	 2147483647
1032 	 2147483647
1033 	 2147483647
1034 	 2147483647
1035 	 2147483647
1036 	 2147483647
1037 	 2147483647
1038 	 2147483647
1039 	 2147483647
1040 	 2147483647
1041 	 2147483647
1042 	 2147483647
1043 	 2147483647
1044 	 2147483647
1045 	 2147483647
1046 	 2147483647
1047 	 2147483647
1048 	 2147483647
1049 	 2147483647
1050 	 2147483647
1051 	 2147483647
1052 	 2147483647
1053 	 2147483647
1054 	 2147483647
1055 	 2147483647
1056 	 2147483647
1057 	 2147483647
1058 	 2147483647
1059 	 2147483647
1060 	 2147483647
1061 	 2147483647
1062 	 2147483647
1063 	 2147483647
1064 	 2147483647
1065 	 2147483647
1066 	 2147483647
1067 	 2147483647
1068 	 2147483647
1069 	 2147483647
1070 	 2147483647
1071 	 2147483647
1072 	 2147483647
1073 	 2147483647
1074 	 2147483647
1075 	 2147483647
1076 	 2147483647
1077 	 2147483647
1078 	 2147483647
1079 	 2147483647
1080 	 2147483647
1081 	 2147483647
1082 	 2147483647
1083 	 2147483647
1084 	 2147483647
1085 	 2147483647
1086 	 2147483647
1087 	 2147483647
1088 	 2147483647
1089 	 2147483647
1090 	 2147483647
1091 	 2147483647
1092 	 2147483647
1093 	 117
1094 	 127
1095 	 137
1096 	 147
1097 	 152
1098 	 157
1099 	 162
1100 	 167
1101 	 172
1102 	 177
1103 	 182
1104 	 187
1105 	 192
1106 	 197
1107 	 202
1108 	 207
1109 	 212
1110 	 217
1111 	 222
1112 	 227
1113 	 237
1114 	 242
1115 	 247
1116 	 257
1117 	 267
1118 	 272
1119 	 277
1120 	 282
1121 	 287
1122 	 292
1123 	 297
1124 	 302
1125 	 307
1126 	 312
1127 	 2147483647
1128 	 2147483647
1129 	 2147483647
1130 	 2147483647
1131 	 2147483647
1132 	 2147483647
1133 	 2147483647
1134 	 2147483647
1135 	 2147483647
1136 	 2147483647
1137 	 2147483647
1138 	 2147483647
1139 	 2147483647
1140 	 2147483647
1141 	 2147483647
1142 	 2147483647
1143 	 2147483647
1144 	 2147483647
1145 	 2147483647
1146 	 2147483647
1147 	 2147483647
1148 	 2147483647
1149 	 2147483647
1150 	 2147483647
1151 	 2147483647
1152 	 2147483647
1153 	 2147483647
1154 	 2147483647
1155 	 2147483647
1156 	 2147483647
1157 	 2147483647
1158 	 2147483647
1159 	 2147483647
1160 	 2147483647
1161 	 2147483647
1162 	 2147483647
1163 	 2147483647
1164 	 2147483647
1165 	 2147483647
1166 	 2147483647
1167 	 2147483647
1168 	 2147483647
1169 	 2147483647
1170 	 2147483647
1171 	 2147483647
1172 	 2147483647
1173 	 2147483647
1174 	 2147483647
1175 	 2147483647
1176 	 2147483647
1177 	 2147483647
1178 	 2147483647
1179 	 2147483647
1180 	 2147483647
1181 	 2147483647
1182 	 2147483647
1183 	 2147483647
1184 	 2147483647
1185 	 2147483647
1186 	 2147483647
1187 	 2147483647
1188 	 2147483647
1189 	 2147483647
1190 	 2147483647
1191 	 2147483647
1192 	 2147483647
1193 	 2147483647
1194 	 2147483647
1195 	 2147483647
1196 	 2147483647
1197 	 2147483647
1198 	 2147483647
1199 	 2147483647
1200 	 2147483647
1201 	 2147483647
1202 	 2147483647
1203 	 2147483647
1204 	 2147483647
1205 	 2147483647
1206 	 2147483647
1207 	 2147483647
1208 	 2147483647
1209 	 2147483647
1210 	 2147483647
1211 	 2147483647
1212 	 2147483647
1213 	 2147483647
1214 	 2147483647
1215 	 130
1216 	 140
1217 	 150
1218 	 160
1219 	 170
1220 	 180
1221 	 185
1222 	 195
1223 	 205
1224 	 215
1225 	 225
1226 	 235
1227 	 240
1228 	 245
1229 	 250
1230 	 260
1231 	 265
1232 	 270
1233 	 275
1234 	 280
1235 	 285
1236 	 295
1237 	 305
1238 	 310
1239 	 320
1240 	 325
1241 	 2147483647
1242 	 2147483647
1243 	 2147483647
1244 	 2147483647
1245 	 2147483647
1246 	 2147483647
1247 	 2147483647
1248 	 2147483647
1249 	 2147483647
1250 	 2147483647
1251 	 2147483647
1252 	 2147483647
1253 	 2147483647
1254 	 2147483647
1255 	 2147483647
1256 	 2147483647
1257 	 2147483647
1258 	 2147483647
1259 	 2147483647
1260 	 2147483647
1261 	 2147483647
1262 	 2147483647
1263 	 2147483647
1264 	 2147483647
1265 	 2147483647
1266 	 2147483647
1267 	 2147483647
1268 	 2147483647
1269 	 2147483647
1270 	 2147483647
1271 	 2147483647
1272 	 2147483647
1273 	 2147483647
1274 	 2147483647
1275 	 2147483647
1276 	 2147483647
1277 	 2147483647
1278 	 2147483647
1279 	 2147483647
1280 	 2147483647
1281 	 2147483647
1282 	 2147483647
1283 	 2147483647
1284 	 2147483647
1285 	 2147483647
1286 	 2147483647
1287 	 2147483647
1288 	 2147483647
1289 	 2147483647
1290 	 2147483647
1291 	 2147483647
1292 	 2147483647
1293 	 2147483647
1294 	 2147483647
1295 	 2147483647
1296 	 2147483647
1297 	 2147483647
1298 	 2147483647
1299 	 2147483647
1300 	 2147483647
1301 	 2147483647
1302 	 2147483647
1303 	 2147483647
1304 	 2147483647
1305 	 2147483647
1306 	 2147483647
1307 	 2147483647
1308 	 2147483647
1309 	 2147483647
1310 	 2147483647
1311 	 2147483647
1312 	 2147483647
1313 	 2147483647
1314 	 2147483647
1315 	 2147483647
1316 	 2147483647
1317 	 2147483647
1318 	 2147483647
1319 	 2147483647
1320 	 2147483647
1321 	 2147483647
1322 	 2147483647
1323 	 143
1324 	 148
1325 	 153
1326 	 158
1327 	 163
1328 	 168
1329 	 173
1330 	 183
1331 	 193
1332 	 198
1333 	 208
1334 	 218
1335 	 228
1336 	 238
1337 	 248
1338 	 253
1339 	 263
1340 	 273
1341 	 283
1342 	 288
1343 	 298
1344 	 308
1345 	 318
1346 	 323
1347 	 333
1348 	 338
1349 	 343
1350 	 348
1351 	 353
1352 	 358
1353 	 363
1354 	 368
1355 	 373
1356 	 378
1357 	 383
1358 	 388
1359 	 2147483647
1360 	 2147483647
1361 	 2147483647
1362 	 2147483647
1363 	 2147483647
1364 	 2147483647
1365 	 2147483647
1366 	 2147483647
1367 	 2147483647
1368 	 2147483647
1369 	 2147483647
1370 	 2147483647
1371 	 2147483647
1372 	 2147483647
1373 	 2147483647
1374 	 2147483647
1375 	 2147483647
1376 	 2147483647
1377 	 2147483647
1378 	 2147483647
1379 	 2147483647
1380 	 2147483647
1381 	 2147483647
1382 	 2147483647
1383 	 2147483647
1384 	 2147483647
1385 	 2147483647
1386 	 2147483647
1387 	 2147483647
1388 	 2147483647
1389 	 2147483647
1390 	 2147483647
1391 	 2147483647
1392 	 2147483647
1393 	 2147483647
1394 	 2147483647
1395 	 2147483647
1396 	 2147483647
1397 	 2147483647
1398 	 2147483647
1399 	 2147483647
1400 	 2147483647
1401 	 2147483647
1402 	 2147483647
1403 	 2147483647
1404 	 2147483647
1405 	 2147483647
1406 	 2147483647
1407 	 2147483647
1408 	 2147483647
1409 	 2147483647
1410 	 2147483647
1411 	 2147483647
1412 	 2147483647
1413 	 2147483647
1414 	 2147483647
1415 	 2147483647
1416 	 2147483647
1417 	 2147483647
1418 	 2147483647
1419 	 2147483647
1420 	 2147483647
1421 	 2147483647
1422 	 2147483647
1423 	 2147483647
1424 	 2147483647
1425 	 2147483647
1426 	 2147483647
1427 	 2147483647
1428 	 2147483647
1429 	 2147483647
1430 	 2147483647
1431 	 2147483647
1432 	 2147483647
1433 	 2147483647
1434 	 2147483647
1435 	 2147483647
1436 	 156
1437 	 161
1438 	 166
1439 	 171
1440 	 176
1441 	 181
1442 	 186
1443 	 191
1444 	 196
1445 	 201
1446 	 206
1447 	 211
1448 	 216
1449 	 221
1450 	 226
1451 	 231
1452 	 236
1453 	 241
1454 	 246
1455 	 251
1456 	 256
1457 	 261
1458 	 266
1459 	 276
1460 	 281
1461 	 286
1462 	 296
1463 	 301
1464 	 311
1465 	 316
1466 	 321
1467 	 326
1468 	 331
1469 	 336
1470 	 341
1471 	 346
1472 	 351
1473 	 356
1474 	 361
1475 	 366
1476 	 371
1477 	 376
1478 	 396
1479 	 401
1480 	 2147483647
1481 	 2147483647
1482 	 2147483647
1483 	 2147483647
1484 	 2147483647
1485 	 2147483647
1486 	 2147483647
1487 	 2147483647
1488 	 2147483647
1489 	 2147483647
1490 	 2147483647
1491 	 2147483647
1492 	 2147483647
1493 	 2147483647
1494 	 2147483647
1495 	 2147483647
1496 	 2147483647
1497 	 2147483647
1498 	 2147483647
1499 	 2147483647
1500 	 2147483647
1501 	 2147483647
1502 	 2147483647
1503 	 2147483647
1504 	 2147483647
1505 	 2147483647
1506 	 2147483647
1507 	 2147483647
1508 	 2147483647
1509 	 2147483647
1510 	 2147483647
1511 	 2147483647
1512 	 2147483647
1513 	 2147483647
1514 	 2147483647
1515 	 2147483647
1516 	 2147483647
1517 	 2147483647
1518 	 2147483647
1519 	 2147483647
1520 	 2147483647
1521 	 2147483647
1522 	 2147483647
1523 	 2147483647
1524 	 2147483647
1525 	 2147483647
1526 	 2147483647
1527 	 2147483647
1528 	 2147483647
1529 	 2147483647
1530 	 2147483647
1531 	 2147483647
1532 	 2147483647
1533 	 2147483647
1534 	 2147483647
1535 	 2147483647
1536 	 2147483647
1537 	 2147483647
1538 	 2147483647
1539 	 2147483647
1540 	 2147483647
1541 	 2147483647
1542 	 2147483647
1543 	 2147483647
1544 	 2147483647
1545 	 2147483647
1546 	 2147483647
1547 	 2147483647
1548 	 2147483647
1549 	 2147483647
1550 	 2147483647
1551 	 2147483647
1552 	 2147483647
1553 	 2147483647
1554 	 2147483647
1555 	 2147483647
1556 	 2147483647
1557 	 2147483647
1558 	 2147483647
1559 	 2147483647
1560 	 2147483647
1561 	 2147483647
1562 	 2147483647
1563 	 169
1564 	 174
1565 	 179
1566 	 184
1567 	 189
1568 	 194
1569 	 199
1570 	 204
1571 	 209
1572 	 214
1573 	 219
1574 	 224
1575 	 229
1576 	 234
1577 	 239
1578 	 244
1579 	 249
1580 	 254
1581 	 259
1582 	 264
1583 	 269
1584 	 274
1585 	 279
1586 	 284
1587 	 289
1588 	 294
1589 	 299
1590 	 304
1591 	 309
1592 	 314
1593 	 319
1594 	 324
1595 	 329
1596 	 334
1597 	 339
1598 	 344
1599 	 349
1600 	 354
1601 	 359
1602 	 364
1603 	 369
1604 	 374
1605 	 379
1606 	 384
1607 	 389
1608 	 394
1609 	 399
1610 	 404
1611 	 409
1612 	 414
1613 	 419
1614 	 424
1615 	 429
1616 	 434
1617 	 439
1618 	 444
1619 	 449
1620 	 454
1621 	 459
1622 	 464
1623 	 469
1624 	 474
1625 	 479
1626 	 484
1627 	 489
1628 	 494
1629 	 499
1630 	 504
1631 	 509
1632 	 514
1633 	 2147483647
1634 	 2147483647
1635 	 2147483647
1636 	 2147483647
1637 	 2147483647
1638 	 2147483647
1639 	 2147483647
1640 	 2147483647
1641 	 2147483647
1642 	 2147483647
1643 	 2147483647
1644 	 2147483647
1645 	 2147483647
1646 	 2147483647
1647 	 2147483647
1648 	 2147483647
1649 	 2147483647
1650 	 2147483647
1651 	 2147483647
1652 	 2147483647
1653 	 2147483647
1654 	 2147483647
1655 	 2147483647
1656 	 2147483647
1657 	 2147483647
1658 	 2147483647
1659 	 2147483647
1660 	 2147483647
1661 	 2147483647
1662 	 2147483647
1663 	 2147483647
1664 	 2147483647
1665 	 2147483647
1666 	 2147483647
1667 	 2147483647
1668 	 2147483647
1669 	 2147483647
1670 	 2147483647
1671 	 2147483647
1672 	 2147483647
1673 	 2147483647
1674 	 2147483647
1675 	 2147483647
1676 	 2147483647
1677 	 2147483647
1678 	 2147483647
1679 	 2147483647
1680 	 2147483647
1681 	 2147483647
1682 	 2147483647
1683 	 2147483647
1684 	 2147483647
1685 	 2147483647
1686 	 2147483647
1687 	 2147483647
1688 	 2147483647
1689 	 2147483647
1690 	 2147483647
1691 	 2147483647
1692 	 2147483647
1693 	 2147483647
1694 	 2147483647
1695 	 2147483647
1696 	 2147483647
1697 	 2147483647
1698 	 2147483647
1699 	 2147483647
1700 	 2147483647
1701 	 2147483647
1702 	 2147483647
1703 	 182
1704 	 202
1705 	 207
1706 	 212
1707 	 217
1708 	 222
1709 	 227
1710 	 232
1711 	 237
1712 	 242
1713 	 247
1714 	 257
1715 	 262
1716 	 267
1717 	 272
1718 	 282
1719 	 287
1720 	 292
1721 	 297
1722 	 302
1723 	 307
1724 	 327
1725 	 332
1726 	 337
1727 	 342
1728 	 347
1729 	 367
1730 	 372
1731 	 377
1732 	 387
1733 	 392
1734 	 397
1735 	 402
1736 	 407
1737 	 412
1738 	 417
1739 	 422
1740 	 427
1741 	 432
1742 	 442
1743 	 447
1744 	 452
1745 	 457
1746 	 462
1747 	 467
1748 	 472
1749 	 482
1750 	 502
1751 	 507
1752 	 512
1753 	 517
1754 	 527
1755 	 2147483647
1756 	 2147483647
1757 	 2147483647
1758 	 2147483647
1759 	 2147483647
1760 	 2147483647
1761 	 2147483647
1762 	 2147483647
1763 	 2147483647
1764 	 2147483647
1765 	 2147483647
1766 	 2147483647
1767 	 2147483647
1768 	 2147483647
1769 	 2147483647
1770 	 2147483647
1771 	 2147483647
1772 	 2147483647
1773 	 2147483647
1774 	 2147483647
1775 	 2147483647
1776 	 2147483647
1777 	 2147483647
1778 	 2147483647
1779 	 2147483647
1780 	 2147483647
1781 	 2147483647
1782 	 2147483647
1783 	 2147483647
1784 	 2147483647
1785 	 2147483647
1786 	 2147483647
1787 	 2147483647
1788 	 2147483647
1789 	 2147483647
1790 	 2147483647
1791 	 2147483647
1792 	 2147483647
1793 	 2147483647
1794 	 2147483647
1795 	 2147483647
1796 	 2147483647
1797 	 2147483647
1798 	 2147483647
1799 	 2147483647
1800 	 2147483647
1801 	 2147483647
1802 	 2147483647
1803 	 2147483647
1804 	 2147483647
1805 	 2147483647
1806 	 2147483647
1807 	 2147483647
1808 	 2147483647
1809 	 2147483647
1810 	 2147483647
1811 	 2147483647
1812 	 2147483647
1813 	 2147483647
1814 	 2147483647
1815 	 2147483647
1816 	 2147483647
1817 	 2147483647
1818 	 2147483647
1819 	 2147483647
1820 	 2147483647
1821 	 2147483647
1822 	 2147483647
1823 	 2147483647
1824 	 2147483647
1825 	 2147483647
1826 	 2147483647
1827 	 195
1828 	 200
1829 	 205
1830 	 210
1831 	 215
1832 	 220
1833 	 230
1834 	 240
1835 	 250
1836 	 260
1837 	 270
1838 	 275
1839 	 285
1840 	 295
1841 	 300
1842 	 305
1843 	 310
1844 	 315
1845 	 320
1846 	 325
1847 	 330
1848 	 335
1849 	 340
1850 	 345
1851 	 350
1852 	 355
1853 	 360
1854 	 365
1855 	 370
1856 	 375
1857 	 380
1858 	 385
1859 	 390
1860 	 400
1861 	 405
1862 	 410
1863 	 415
1864 	 420
1865 	 440
1866 	 445
1867 	 455
1868 	 475
1869 	 480
1870 	 485
1871 	 495
1872 	 500
1873 	 505
1874 	 510
1875 	 515
1876 	 520
1877 	 525
1878 	 530
1879 	 540
1880 	 545
1881 	 550
1882 	 555
1883 	 560
1884 	 2147483647
1885 	 2147483647
1886 	 2147483647
1887 	 2147483647
1888 	 2147483647
1889 	 2147483647
1890 	 2147483647
1891 	 2147483647
1892 	 2147483647
1893 	 2147483647
1894 	 2147483647
1895 	 2147483647
1896 	 2147483647
1897 	 2147483647
1898 	 2147483647
1899 	 2147483647
1900 	 2147483647
1901 	 2147483647
1902 	 2147483647
1903 	 2147483647
1904 	 2147483647
1905 	 2147483647
1906 	 2147483647
1907 	 2147483647
1908 	 2147483647
1909 	 2147483647
1910 	 2147483647
1911 	 2147483647
1912 	 2147483647
1913 	 2147483647
1914 	 2147483647
1915 	 2147483647
1916 	 2147483647
1917 	 2147483647
1918 	 2147483647
1919 	 2147483647
1920 	 2147483647
1921 	 2147483647
1922 	 2147483647
1923 	 2147483647
1924 	 2147483647
1925 	 2147483647
1926 	 2147483647
1927 	 2147483647
1928 	 2147483647
1929 	 2147483647
1930 	 2147483647
1931 	 2147483647
1932 	 2147483647
1933 	 2147483647
1934 	 2147483647
1935 	 2147483647
1936 	 2147483647
1937 	 2147483647
1938 	 2147483647
1939 	 2147483647
1940 	 2147483647
1941 	 2147483647
1942 	 2147483647
1943 	 2147483647
1944 	 2147483647
1945 	 2147483647
1946 	 2147483647
1947 	 2147483647
1948 	 2147483647
1949 	 2147483647
1950 	 2147483647
1951 	 2147483647
1952 	 2147483647
1953 	 208
1954 	 218
1955 	 223
1956 	 228
1957 	 233
1958 	 243
1959 	 253
1960 	 263
1961 	 273
1962 	 278
1963 	 283
1964 	 288
1965 	 298
1966 	 303
1967 	 308
1968 	 313
1969 	 318
1970 	 323
1971 	 328
1972 	 333
1973 	 338
1974 	 343
1975 	 348
1976 	 353
1977 	 358
1978 	 363
1979 	 368
1980 	 373
1981 	 378
1982 	 388
1983 	 393
1984 	 398
1985 	 403
1986 	 408
1987 	 413
1988 	 423
1989 	 428
1990 	 433
1991 	 438
1992 	 443
1993 	 448
1994 	 453
1995 	 458
1996 	 463
1997 	 468
1998 	 473
1999 	 478
2000 	 483
2001 	 488
2002 	 493
2003 	 498
2004 	 503
2005 	 508
2006 	 513
2007 	 518
2008 	 523
2009 	 533
2010 	 538
2011 	 543
2012 	 548
2013 	 553
2014 	 558
2015 	 563
2016 	 568
2017 	 573
2018 	 578
2019 	 583
2020 	 588
2021 	 2147483647
2022 	 2147483647
2023 	 2147483647
2024 	 2147483647
2025 	 2147483647
2026 	 2147483647
2027 	 2147483647
2028 	 2147483647
2029 	 2147483647
2030 	 2147483647
2031 	 2147483647
2032 	 2147483647
2033 	 2147483647
2034 	 2147483647
2035 	 2147483647
2036 	 2147483647
2037 	 2147483647
2038 	 2147483647
2039 	 2147483647
2040 	 2147483647
2041 	 2147483647
2042 	 2147483647
2043 	 2147483647
2044 	 2147483647
2045 	 2147483647
2046 	 2147483647
2047 	 2147483647
2048 	 2147483647
2049 	 2147483647
2050 	 2147483647
2051 	 2147483647
2052 	 2147483647
2053 	 2147483647
2054 	 2147483647
2055 	 2147483647
2056 	 2147483647
2057 	 2147483647
2058 	 2147483647
2059 	 2147483647
2060 	 2147483647
2061 	 2147483647
2062 	 2147483647
2063 	 2147483647
2064 	 2147483647
2065 	 2147483647
2066 	 2147483647
2067 	 2147483647
2068 	 2147483647
2069 	 2147483647
2070 	 2147483647
2071 	 2147483647
2072 	 2147483647
2073 	 2147483647
2074 	 2147483647
2075 	 2147483647
2076 	 2147483647
2077 	 2147483647
2078 	 2147483647
2079 	 2147483647
2080 	 2147483647
2081 	 2147483647
2082 	 2147483647
2083 	 2147483647
2084 	 221
2085 	 231
2086 	 236
2087 	 241
2088 	 246
2089 	 251
2090 	 256
2091 	 261
2092 	 266
2093 	 271
2094 	 276
2095 	 281
2096 	 286
2097 	 291
2098 	 296
2099 	 301
2100 	 306
2101 	 311
2102 	 321
2103 	 326
2104 	 331
2105 	 336
2106 	 341
2107 	 351
2108 	 356
2109 	 361
2110 	 366
2111 	 376
2112 	 381
2113 	 386
2114 	 391
2115 	 401
2116 	 406
2117 	 411
2118 	 416
2119 	 421
2120 	 426
2121 	 436
2122 	 441
2123 	 446
2124 	 451
2125 	 456
2126 	 461
2127 	 466
2128 	 476
2129 	 481
2130 	 486
2131 	 491
2132 	 496
2133 	 501
2134 	 511
2135 	 516
2136 	 521
2137 	 526
2138 	 531
2139 	 536
2140 	 546
2141 	 551
2142 	 556
2143 	 561
2144 	 566
2145 	 571
2146 	 576
2147 	 581
2148 	 591
2149 	 596
2150 	 601
2151 	 606
2152 	 611
2153 	 616
2154 	 621
2155 	 2147483647
2156 	 2147483647
2157 	 2147483647
2158 	 2147483647
2159 	 2147483647
2160 	 2147483647
2161 	 2147483647
2162 	 2147483647
2163 	 2147483647
2164 	 2147483647
2165 	 2147483647
2166 	 2147483647
2167 	 2147483647
2168 	 2147483647
2169 	 2147483647
2170 	 2147483647
2171 	 2147483647
2172 	 2147483647
2173 	 2147483647
2174 	 2147483647
2175 	 2147483647
2176 	 2147483647
2177 	 2147483647
2178 	 2147483647
2179 	 2147483647
2180 	 2147483647
2181 	 2147483647
2182 	 2147483647
2183 	 2147483647
2184 	 2147483647
2185 	 2147483647
2186 	 2147483647
2187 	 2147483647
2188 	 2147483647
2189 	 2147483647
2190 	 2147483647
2191 	 2147483647
2192 	 2147483647
2193 	 2147483647
2194 	 2147483647
2195 	 2147483647
2196 	 2147483647
2197 	 2147483647
2198 	 2147483647
2199 	 2147483647
2200 	 2147483647
2201 	 2147483647
2202 	 2147483647
2203 	 2147483647
2204 	 2147483647
2205 	 2147483647
2206 	 2147483647
2207 	 2147483647
2208 	 2147483647
2209 	 2147483647
2210 	 2147483647
2211 	 2147483647
2212 	 2147483647
2213 	 2147483647
2214 	 2147483647
2215 	 2147483647
2216 	 2147483647
2217 	 2147483647
2218 	 2147483647
2219 	 2147483647
2220 	 2147483647
2221 	 234
2222 	 239
2223 	 244
2224 	 249
2225 	 269
2226 	 274
2227 	 284
2228 	 289
2229 	 294
2230 	 299
2231 	 304
2232 	 309
2233 	 314
2234 	 319
2235 	 324
2236 	 334
2237 	 339
2238 	 344
2239 	 349
2240 	 354
2241 	 364
2242 	 374
2243 	 379
2244 	 389
2245 	 394
2246 	 399
2247 	 404
2248 	 409
2249 	 414
2250 	 434
2251 	 439
2252 	 444
2253 	 449
2254 	 454
2255 	 459
2256 	 464
2257 	 469
2258 	 474
2259 	 479
2260 	 489
2261 	 494
2262 	 499
2263 	 504
2264 	 509
2265 	 514
2266 	 524
2267 	 529
2268 	 534
2269 	 539
2270 	 549
2271 	 554
2272 	 559
2273 	 564
2274 	 569
2275 	 579
2276 	 584
2277 	 589
2278 	 594
2279 	 604
2280 	 609
2281 	 629
2282 	 634
2283 	 639
2284 	 644
2285 	 649
2286 	 654
2287 	 659
2288 	 664
2289 	 669
2290 	 674
2291 	 679
2292 	 684
2293 	 689
2294 	 694
2295 	 699
2296 	 704
2297 	 709
2298 	 714
2299 	 719
2300 	 724
2301 	 729
2302 	 734
2303 	 739
2304 	 744
2305 	 749
2306 	 754
2307 	 759
2308 	 764
2309 	 2147483647
2310 	 2147483647
2311 	 2147483647
2312 	 2147483647
2313 	 2147483647
2314 	 2147483647
2315 	 2147483647
2316 	 2147483647
2317 	 2147483647
2318 	 2147483647
2319 	 2147483647
2320 	 2147483647
2321 	 2147483647
2322 	 2147483647
2323 	 2147483647
2324 	 2147483647
2325 	 2147483647
2326 	 2147483647
2327 	 2147483647
2328 	 2147483647
2329 	 2147483647
2330 	 2147483647
2331 	 2147483647
2332 	 2147483647
2333 	 2147483647
2334 	 2147483647
2335 	 2147483647
2336 	 2147483647
2337 	 2147483647
2338 	 2147483647
2339 	 2147483647
2340 	 2147483647
2341 	 2147483647
2342 	 2147483647
2343 	 2147483647
2344 	 2147483647
2345 	 2147483647
2346 	 2147483647
2347 	 247
2348 	 257
2349 	 262
2350 	 267
2351 	 272
2352 	 277
2353 	 282
2354 	 287
2355 	 297
2356 	 302
2357 	 307
2358 	 312
2359 	 317
2360 	 322
2361 	 327
2362 	 332
2363 	 337
2364 	 342
2365 	 347
2366 	 352
2367 	 357
2368 	 362
2369 	 367
2370 	 372
2371 	 377
2372 	 387
2373 	 392
2374 	 397
2375 	 402
2376 	 407
2377 	 412
2378 	 417
2379 	 427
2380 	 432
2381 	 437
2382 	 442
2383 	 447
2384 	 452
2385 	 457
2386 	 462
2387 	 467
2388 	 472
2389 	 477
2390 	 482
2391 	 487
2392 	 492
2393 	 497
2394 	 502
2395 	 507
2396 	 512
2397 	 517
2398 	 527
2399 	 532
2400 	 537
2401 	 547
2402 	 552
2403 	 562
2404 	 567
2405 	 572
2406 	 577
2407 	 582
2408 	 592
2409 	 597
2410 	 602
2411 	 607
2412 	 612
2413 	 617
2414 	 622
2415 	 627
2416 	 632
2417 	 637
2418 	 642
2419 	 647
2420 	 652
2421 	 657
2422 	 662
2423 	 667
2424 	 672
2425 	 677
2426 	 682
2427 	 687
2428 	 692
2429 	 697
2430 	 702
2431 	 707
2432 	 712
2433 	 717
2434 	 722
2435 	 727
2436 	 732
2437 	 737
2438 	 742
2439 	 747
2440 	 752
2441 	 757
2442 	 762
2443 	 767
2444 	 777
2445 	 2147483647
2446 	 2147483647
2447 	 2147483647
2448 	 2147483647
2449 	 2147483647
2450 	 2147483647
2451 	 2147483647
2452 	 2147483647
2453 	 2147483647
2454 	 2147483647
2455 	 2147483647
2456 	 2147483647
2457 	 2147483647
2458 	 2147483647
2459 	 2147483647
2460 	 2147483647
2461 	 2147483647
2462 	 2147483647
2463 	 2147483647
2464 	 2147483647
2465 	 2147483647
2466 	 2147483647
2467 	 2147483647
2468 	 2147483647
2469 	 2147483647
2470 	 2147483647
2471 	 2147483647
2472 	 2147483647
2473 	 2147483647
2474 	 2147483647
2475 	 2147483647
2476 	 2147483647
2477 	 2147483647
2478 	 2147483647
2479 	 2147483647
2480 	 2147483647
2481 	 2147483647
2482 	 2147483647
2483 	 260
2484 	 270
2485 	 275
2486 	 280
2487 	 285
2488 	 290
2489 	 295
2490 	 300
2491 	 305
2492 	 310
2493 	 320
2494 	 340
2495 	 345
2496 	 350
2497 	 355
2498 	 360
2499 	 365
2500 	 370
2501 	 375
2502 	 380
2503 	 385
2504 	 390
2505 	 395
2506 	 400
2507 	 405
2508 	 410
2509 	 415
2510 	 420
2511 	 425
2512 	 430
2513 	 440
2514 	 445
2515 	 450
2516 	 455
2517 	 460
2518 	 465
2519 	 475
2520 	 480
2521 	 485
2522 	 490
2523 	 495
2524 	 500
2525 	 505
2526 	 510
2527 	 515
2528 	 525
2529 	 530
2530 	 540
2531 	 545
2532 	 550
2533 	 560
2534 	 565
2535 	 570
2536 	 575
2537 	 580
2538 	 585
2539 	 590
2540 	 595
2541 	 600
2542 	 605
2543 	 610
2544 	 615
2545 	 620
2546 	 625
2547 	 630
2548 	 640
2549 	 645
2550 	 650
2551 	 655
2552 	 660
2553 	 665
2554 	 670
2555 	 675
2556 	 685
2557 	 690
2558 	 695
2559 	 700
2560 	 705
2561 	 710
2562 	 715
2563 	 720
2564 	 725
2565 	 730
2566 	 735
2567 	 740
2568 	 745
2569 	 750
2570 	 755
2571 	 760
2572 	 765
2573 	 770
2574 	 775
2575 	 780
2576 	 790
2577 	 795
2578 	 800
2579 	 805
2580 	 810
2581 	 815
2582 	 820
2583 	 825
2584 	 830
2585 	 835
2586 	 840
2587 	 845
2588 	 850
2589 	 2147483647
2590 	 2147483647
2591 	 2147483647
2592 	 2147483647
2593 	 2147483647
2594 	 2147483647
2595 	 2147483647
2596 	 2147483647
2597 	 2147483647
2598 	 2147483647
2599 	 2147483647
2600 	 2147483647
2601 	 2147483647
2602 	 2147483647
2603 	 2147483647
2604 	 2147483647
2605 	 2147483647
2606 	 2147483647
2607 	 2147483647
2608 	 2147483647
2609 	 2147483647
2610 	 2147483647
2611 	 2147483647
2612 	 2147483647
2613 	 2147483647
2614 	 2147483647
2615 	 273
2616 	 278
2617 	 283
2618 	 293
2619 	 313
2620 	 318
2621 	 323
2622 	 333
2623 	 338
2624 	 343
2625 	 348
2626 	 353
2627 	 358
2628 	 363
2629 	 368
2630 	 373
2631 	 378
2632 	 383
2633 	 388
2634 	 393
2635 	 398
2636 	 403
2637 	 408
2638 	 413
2639 	 418
2640 	 423
2641 	 428
2642 	 433
2643 	 438
2644 	 443
2645 	 448
2646 	 453
2647 	 458
2648 	 463
2649 	 468
2650 	 473
2651 	 478
2652 	 488
2653 	 493
2654 	 513
2655 	 518
2656 	 523
2657 	 528
2658 	 538
2659 	 543
2660 	 548
2661 	 553
2662 	 558
2663 	 563
2664 	 568
2665 	 573
2666 	 578
2667 	 583
2668 	 588
2669 	 593
2670 	 598
2671 	 603
2672 	 608
2673 	 613
2674 	 618
2675 	 623
2676 	 628
2677 	 633
2678 	 638
2679 	 643
2680 	 653
2681 	 673
2682 	 678
2683 	 683
2684 	 688
2685 	 698
2686 	 703
2687 	 708
2688 	 713
2689 	 718
2690 	 723
2691 	 728
2692 	 733
2693 	 738
2694 	 743
2695 	 748
2696 	 753
2697 	 758
2698 	 763
2699 	 768
2700 	 773
2701 	 778
2702 	 783
2703 	 788
2704 	 793
2705 	 798
2706 	 803
2707 	 808
2708 	 828
2709 	 833
2710 	 838
2711 	 843
2712 	 848
2713 	 853
2714 	 858
2715 	 863
2716 	 2147483647
2717 	 2147483647
2718 	 2147483647
2719 	 2147483647
2720 	 2147483647
2721 	 2147483647
2722 	 2147483647
2723 	 2147483647
2724 	 2147483647
2725 	 2147483647
2726 	 2147483647
2727 	 2147483647
2728 	 2147483647
2729 	 2147483647
2730 	 2147483647
2731 	 2147483647
2732 	 2147483647
2733 	 2147483647
2734 	 2147483647
2735 	 2147483647
2736 	 2147483647
2737 	 2147483647
2738 	 2147483647
2739 	 2147483647
2740 	 2147483647
2741 	 2147483647
2742 	 2147483647
2743 	 286
2744 	 296
2745 	 306
2746 	 311
2747 	 316
2748 	 321
2749 	 326
2750 	 331
2751 	 336
2752 	 341
2753 	 346
2754 	 351
2755 	 361
2756 	 366
2757 	 371
2758 	 376
2759 	 381
2760 	 391
2761 	 396
2762 	 401
2763 	 406
2764 	 411
2765 	 416
2766 	 421
2767 	 426
2768 	 431
2769 	 436
2770 	 441
2771 	 446
2772 	 451
2773 	 456
2774 	 461
2775 	 466
2776 	 471
2777 	 476
2778 	 481
2779 	 486
2780 	 491
2781 	 496
2782 	 501
2783 	 506
2784 	 511
2785 	 516
2786 	 521
2787 	 526
2788 	 531
2789 	 536
2790 	 541
2791 	 546
2792 	 551
2793 	 556
2794 	 561
2795 	 566
2796 	 571
2797 	 576
2798 	 581
2799 	 586
2800 	 591
2801 	 596
2802 	 601
2803 	 606
2804 	 611
2805 	 616
2806 	 626
2807 	 646
2808 	 651
2809 	 656
2810 	 661
2811 	 666
2812 	 671
2813 	 676
2814 	 681
2815 	 686
2816 	 691
2817 	 696
2818 	 701
2819 	 706
2820 	 711
2821 	 716
2822 	 721
2823 	 726
2824 	 731
2825 	 736
2826 	 741
2827 	 746
2828 	 751
2829 	 756
2830 	 761
2831 	 766
2832 	 771
2833 	 776
2834 	 781
2835 	 786
2836 	 791
2837 	 796
2838 	 801
2839 	 806
2840 	 811
2841 	 816
2842 	 821
2843 	 826
2844 	 831
2845 	 836
2846 	 841
2847 	 846
2848 	 851
2849 	 861
2850 	 866
2851 	 871
2852 	 876
2853 	 881
2854 	 886
2855 	 891
2856 	 896
2857 	 901
2858 	 906
2859 	 911
2860 	 916
2861 	 921
2862 	 926
2863 	 931
2864 	 936
2865 	 941
2866 	 2147483647
2867 	 2147483647
2868 	 2147483647
2869 	 2147483647
2870 	 2147483647
2871 	 2147483647
2872 	 2147483647
2873 	 2147483647
2874 	 2147483647
2875 	 2147483647
2876 	 2147483647
2877 	 2147483647
2878 	 2147483647
2879 	 299
2880 	 309
2881 	 314
2882 	 319
2883 	 324
2884 	 329
2885 	 334
2886 	 344
2887 	 349
2888 	 354
2889 	 359
2890 	 364
2891 	 374
2892 	 379
2893 	 384
2894 	 389
2895 	 394
2896 	 404
2897 	 414
2898 	 419
2899 	 424
2900 	 429
2901 	 449
2902 	 454
2903 	 464
2904 	 474
2905 	 479
2906 	 499
2907 	 504
2908 	 509
2909 	 514
2910 	 519
2911 	 524
2912 	 529
2913 	 534
2914 	 539
2915 	 544
2916 	 549
2917 	 554
2918 	 559
2919 	 564
2920 	 569
2921 	 574
2922 	 579
2923 	 584
2924 	 589
2925 	 594
2926 	 599
2927 	 604
2928 	 609
2929 	 614
2930 	 619
2931 	 624
2932 	 629
2933 	 639
2934 	 644
2935 	 649
2936 	 654
2937 	 659
2938 	 669
2939 	 679
2940 	 689
2941 	 694
2942 	 699
2943 	 704
2944 	 709
2945 	 714
2946 	 719
2947 	 724
2948 	 729
2949 	 734
2950 	 739
2951 	 744
2952 	 754
2953 	 764
2954 	 769
2955 	 779
2956 	 784
2957 	 789
2958 	 794
2959 	 799
2960 	 804
2961 	 809
2962 	 814
2963 	 819
2964 	 824
2965 	 829
2966 	 834
2967 	 839
2968 	 844
2969 	 849
2970 	 854
2971 	 859
2972 	 864
2973 	 874
2974 	 879
2975 	 884
2976 	 889
2977 	 894
2978 	 899
2979 	 904
2980 	 909
2981 	 914
2982 	 919
2983 	 924
2984 	 929
2985 	 934
2986 	 939
2987 	 944
2988 	 949
2989 	 954
2990 	 959
2991 	 964
2992 	 969
2993 	 974
2994 	 979
2995 	 984
2996 	 989
2997 	 994
2998 	 2147483647
2999 	 2147483647
3000 	 2147483647
3001 	 2147483647
3002 	 2147483647
3003 	 312
3004 	 317
3005 	 322
3006 	 327
3007 	 332
3008 	 337
3009 	 342
3010 	 347
3011 	 357
3012 	 362
3013 	 367
3014 	 372
3015 	 377
3016 	 382
3017 	 387
3018 	 397
3019 	 402
3020 	 407
3021 	 412
3022 	 417
3023 	 427
3024 	 432
3025 	 442
3026 	 447
3027 	 452
3028 	 457
3029 	 462
3030 	 467
3031 	 477
3032 	 487
3033 	 492
3034 	 497
3035 	 502
3036 	 507
3037 	 512
3038 	 517
3039 	 522
3040 	 527
3041 	 532
3042 	 537
3043 	 542
3044 	 547
3045 	 552
3046 	 557
3047 	 567
3048 	 572
3049 	 577
3050 	 587
3051 	 597
3052 	 607
3053 	 617
3054 	 622
3055 	 627
3056 	 632
3057 	 637
3058 	 642
3059 	 647
3060 	 652
3061 	 657
3062 	 667
3063 	 672
3064 	 682
3065 	 692
3066 	 702
3067 	 707
3068 	 712
3069 	 717
3070 	 727
3071 	 732
3072 	 737
3073 	 742
3074 	 747
3075 	 752
3076 	 757
3077 	 767
3078 	 777
3079 	 782
3080 	 792
3081 	 797
3082 	 802
3083 	 807
3084 	 817
3085 	 822
3086 	 827
3087 	 832
3088 	 837
3089 	 842
3090 	 847
3091 	 867
3092 	 872
3093 	 877
3094 	 882
3095 	 887
3096 	 892
3097 	 897
3098 	 902
3099 	 907
3100 	 912
3101 	 917
3102 	 922
3103 	 927
3104 	 932
3105 	 937
3106 	 942
3107 	 947
3108 	 952
3109 	 957
3110 	 962
3111 	 967
3112 	 972
3113 	 977
3114 	 982
3115 	 987
3116 	 992
3117 	 997
3118 	 1002
3119 	 1007
3120 	 1012
3121 	 1017
3122 	 1022
3123 	 1027
3124 	 1032
3125 	 1037
3126 	 1042
3127 	 1047
3128 	 1052
3129 	 1057
3130 	 325
3131 	 330
3132 	 335
3133 	 340
3134 	 345
3135 	 350
3136 	 360
3137 	 365
3138 	 370
3139 	 375
3140 	 395
3141 	 400
3142 	 410
3143 	 420
3144 	 425
3145 	 430
3146 	 435
3147 	 440
3148 	 445
3149 	 455
3150 	 465
3151 	 470
3152 	 475
3153 	 480
3154 	 485
3155 	 490
3156 	 495
3157 	 500
3158 	 505
3159 	 510
3160 	 515
3161 	 520
3162 	 530
3163 	 540
3164 	 545
3165 	 550
3166 	 555
3167 	 560
3168 	 565
3169 	 570
3170 	 580
3171 	 590
3172 	 600
3173 	 610
3174 	 620
3175 	 630
3176 	 650
3177 	 655
3178 	 660
3179 	 665
3180 	 670
3181 	 680
3182 	 685
3183 	 690
3184 	 695
3185 	 700
3186 	 705
3187 	 710
3188 	 715
3189 	 720
3190 	 725
3191 	 730
3192 	 740
3193 	 750
3194 	 755
3195 	 760
3196 	 765
3197 	 770
3198 	 775
3199 	 780
3200 	 785
3201 	 790
3202 	 795
3203 	 800
3204 	 805
3205 	 810
3206 	 815
3207 	 820
3208 	 830
3209 	 835
3210 	 845
3211 	 855
3212 	 860
3213 	 865
3214 	 870
3215 	 875
3216 	 880
3217 	 885
3218 	 895
3219 	 900
3220 	 905
3221 	 910
3222 	 915
3223 	 920
3224 	 925
3225 	 935
3226 	 940
3227 	 945
3228 	 950
3229 	 955
3230 	 960
3231 	 970
3232 	 980
3233 	 990
3234 	 995
3235 	 1000
3236 	 1005
3237 	 1015
3238 	 1025
3239 	 1030
3240 	 1035
3241 	 1040
3242 	 1045
3243 	 1055
3244 	 1065
3245 	 1070
3246 	 338
3247 	 348
3248 	 358
3249 	 363
3250 	 373
3251 	 378
3252 	 388
3253 	 393
3254 	 398
3255 	 403
3256 	 408
3257 	 413
3258 	 418
3259 	 423
3260 	 433
3261 	 438
3262 	 443
3263 	 448
3264 	 453
3265 	 458
3266 	 463
3267 	 468
3268 	 478
3269 	 483
3270 	 488
3271 	 493
3272 	 498
3273 	 503
3274 	 513
3275 	 518
3276 	 523
3277 	 528
3278 	 533
3279 	 543
3280 	 553
3281 	 558
3282 	 563
3283 	 568
3284 	 573
3285 	 578
3286 	 583
3287 	 588
3288 	 593
3289 	 603
3290 	 608
3291 	 613
3292 	 618
3293 	 623
3294 	 628
3295 	 633
3296 	 638
3297 	 643
3298 	 648
3299 	 653
3300 	 658
3301 	 663
3302 	 668
3303 	 673
3304 	 678
3305 	 683
3306 	 688
3307 	 693
3308 	 698
3309 	 703
3310 	 708
3311 	 713
3312 	 718
3313 	 728
3314 	 733
3315 	 738
3316 	 743
3317 	 748
3318 	 753
3319 	 763
3320 	 768
3321 	 773
3322 	 778
3323 	 783
3324 	 788
3325 	 793
3326 	 798
3327 	 803
3328 	 808
3329 	 813
3330 	 818
3331 	 823
3332 	 828
3333 	 833
3334 	 838
3335 	 843
3336 	 848
3337 	 858
3338 	 868
3339 	 873
3340 	 878
3341 	 883
3342 	 888
3343 	 893
3344 	 898
3345 	 908
3346 	 913
3347 	 918
3348 	 923
3349 	 928
3350 	 933
3351 	 938
3352 	 948
3353 	 953
3354 	 958
3355 	 963
3356 	 968
3357 	 973
3358 	 983
3359 	 993
3360 	 1003
3361 	 1008
3362 	 1013
3363 	 1018
3364 	 1028
3365 	 1038
3366 	 1043
3367 	 1048
3368 	 1053
3369 	 1058
3370 	 1068
3371 	 1078
3372 	 351
3373 	 361
3374 	 371
3375 	 376
3376 	 381
3377 	 386
3378 	 391
3379 	 401
3380 	 406
3381 	 416
3382 	 421
3383 	 426
3384 	 431
3385 	 436
3386 	 441
3387 	 446
3388 	 451
3389 	 456
3390 	 461
3391 	 466
3392 	 476
3393 	 481
3394 	 486
3395 	 491
3396 	 496
3397 	 501
3398 	 506
3399 	 511
3400 	 516
3401 	 526
3402 	 531
3403 	 536
3404 	 541
3405 	 546
3406 	 551
3407 	 556
3408 	 561
3409 	 566
3410 	 571
3411 	 576
3412 	 581
3413 	 586
3414 	 591
3415 	 596
3416 	 601
3417 	 606
3418 	 611
3419 	 616
3420 	 621
3421 	 626
3422 	 631
3423 	 636
3424 	 641
3425 	 646
3426 	 651
3427 	 656
3428 	 661
3429 	 666
3430 	 671
3431 	 681
3432 	 686
3433 	 691
3434 	 696
3435 	 701
3436 	 706
3437 	 716
3438 	 726
3439 	 731
3440 	 741
3441 	 746
3442 	 751
3443 	 756
3444 	 761
3445 	 766
3446 	 771
3447 	 776
3448 	 781
3449 	 786
3450 	 791
3451 	 796
3452 	 801
3453 	 806
3454 	 811
3455 	 816
3456 	 821
3457 	 826
3458 	 831
3459 	 836
3460 	 841
3461 	 846
3462 	 851
3463 	 856
3464 	 861
3465 	 866
3466 	 871
3467 	 876
3468 	 881
3469 	 886
3470 	 891
3471 	 896
3472 	 901
3473 	 906
3474 	 911
3475 	 916
3476 	 921
3477 	 931
3478 	 936
3479 	 941
3480 	 946
3481 	 951
3482 	 956
3483 	 961
3484 	 966
3485 	 971
3486 	 976
3487 	 981
3488 	 986
3489 	 991
3490 	 996
3491 	 1001
3492 	 1006
3493 	 1011
3494 	 1016
3495 	 1021
3496 	 1026
3497 	 1031
3498 	 1036
3499 	 1041
3500 	 1046
3501 	 1051
3502 	 1071
3503 	 1076
3504 	 1081
3505 	 1086
3506 	 1091
3507 	 1096
3508 	 364
3509 	 369
3510 	 374
3511 	 379
3512 	 384
3513 	 389
3514 	 394
3515 	 399
3516 	 404
3517 	 409
3518 	 414
3519 	 419
3520 	 429
3521 	 434
3522 	 439
3523 	 444
3524 	 449
3525 	 454
3526 	 459
3527 	 464
3528 	 469
3529 	 474
3530 	 479
3531 	 489
3532 	 494
3533 	 499
3534 	 504
3535 	 509
3536 	 514
3537 	 519
3538 	 529
3539 	 534
3540 	 539
3541 	 544
3542 	 549
3543 	 554
3544 	 559
3545 	 564
3546 	 569
3547 	 574
3548 	 579
3549 	 584
3550 	 589
3551 	 594
3552 	 599
3553 	 604
3554 	 609
3555 	 614
3556 	 619
3557 	 629
3558 	 634
3559 	 639
3560 	 659
3561 	 664
3562 	 669
3563 	 674
3564 	 679
3565 	 684
3566 	 694
3567 	 699
3568 	 704
3569 	 709
3570 	 719
3571 	 729
3572 	 739
3573 	 744
3574 	 749
3575 	 754
3576 	 759
3577 	 764
3578 	 774
3579 	 784
3580 	 789
3581 	 794
3582 	 799
3583 	 804
3584 	 809
3585 	 814
3586 	 819
3587 	 824
3588 	 829
3589 	 834
3590 	 839
3591 	 844
3592 	 849
3593 	 854
3594 	 859
3595 	 864
3596 	 869
3597 	 889
3598 	 894
3599 	 899
3600 	 904
3601 	 909
3602 	 914
3603 	 919
3604 	 924
3605 	 929
3606 	 934
3607 	 944
3608 	 949
3609 	 954
3610 	 959
3611 	 964
3612 	 969
3613 	 974
3614 	 979
3615 	 984
3616 	 989
3617 	 994
3618 	 999
3619 	 1004
3620 	 1009
3621 	 1014
3622 	 1019
3623 	 1024
3624 	 1029
3625 	 1034
3626 	 1039
3627 	 1044
3628 	 1049
3629 	 1054
3630 	 1059
3631 	 1064
3632 	 1069
3633 	 1074
3634 	 1079
3635 	 1084
3636 	 1094
3637 	 1104
3638 	 377
3639 	 382
3640 	 387
3641 	 392
3642 	 397
3643 	 402
3644 	 407
3645 	 412
3646 	 417
3647 	 427
3648 	 432
3649 	 437
3650 	 442
3651 	 452
3652 	 457
3653 	 462
3654 	 482
3655 	 487
3656 	 492
3657 	 497
3658 	 502
3659 	 507
3660 	 512
3661 	 517
3662 	 522
3663 	 527
3664 	 532
3665 	 542
3666 	 552
3667 	 572
3668 	 577
3669 	 582
3670 	 587
3671 	 592
3672 	 597
3673 	 602
3674 	 607
3675 	 612
3676 	 617
3677 	 622
3678 	 627
3679 	 632
3680 	 642
3681 	 647
3682 	 652
3683 	 657
3684 	 662
3685 	 667
3686 	 672
3687 	 677
3688 	 682
3689 	 687
3690 	 692
3691 	 697
3692 	 702
3693 	 707
3694 	 712
3695 	 717
3696 	 722
3697 	 732
3698 	 737
3699 	 742
3700 	 747
3701 	 752
3702 	 757
3703 	 762
3704 	 767
3705 	 772
3706 	 777
3707 	 787
3708 	 797
3709 	 802
3710 	 807
3711 	 812
3712 	 817
3713 	 822
3714 	 827
3715 	 847
3716 	 852
3717 	 857
3718 	 862
3719 	 867
3720 	 872
3721 	 877
3722 	 882
3723 	 887
3724 	 892
3725 	 897
3726 	 902
3727 	 907
3728 	 912
3729 	 917
3730 	 922
3731 	 927
3732 	 932
3733 	 942
3734 	 947
3735 	 952
3736 	 957
3737 	 962
3738 	 967
3739 	 972
3740 	 977
3741 	 982
3742 	 992
3743 	 1012
3744 	 1017
3745 	 1027
3746 	 1032
3747 	 1037
3748 	 1042
3749 	 1047
3750 	 1052
3751 	 1072
3752 	 1077
3753 	 1087
3754 	 1097
3755 	 1107
3756 	 1117
3757 	 390
3758 	 410
3759 	 415
3760 	 420
3761 	 425
3762 	 430
3763 	 440
3764 	 445
3765 	 450
3766 	 455
3767 	 465
3768 	 470
3769 	 475
3770 	 480
3771 	 485
3772 	 490
3773 	 495
3774 	 500
3775 	 505
3776 	 510
3777 	 515
3778 	 520
3779 	 525
3780 	 530
3781 	 535
3782 	 540
3783 	 545
3784 	 550
3785 	 555
3786 	 565
3787 	 570
3788 	 575
3789 	 580
3790 	 585
3791 	 590
3792 	 595
3793 	 600
3794 	 605
3795 	 615
3796 	 620
3797 	 625
3798 	 630
3799 	 635
3800 	 645
3801 	 650
3802 	 655
3803 	 660
3804 	 665
3805 	 670
3806 	 675
3807 	 680
3808 	 685
3809 	 690
3810 	 695
3811 	 700
3812 	 705
3813 	 710
3814 	 715
3815 	 720
3816 	 725
3817 	 730
3818 	 735
3819 	 740
3820 	 745
3821 	 755
3822 	 765
3823 	 785
3824 	 790
3825 	 795
3826 	 800
3827 	 805
3828 	 810
3829 	 815
3830 	 820
3831 	 825
3832 	 830
3833 	 835
3834 	 840
3835 	 845
3836 	 850
3837 	 855
3838 	 860
3839 	 865
3840 	 870
3841 	 890
3842 	 895
3843 	 900
3844 	 920
3845 	 925
3846 	 930
3847 	 935
3848 	 940
3849 	 945
3850 	 955
3851 	 960
3852 	 965
3853 	 970
3854 	 990
3855 	 995
3856 	 1005
3857 	 1010
3858 	 1015
3859 	 1020
3860 	 1025
3861 	 1030
3862 	 1040
3863 	 1050
3864 	 1060
3865 	 1065
3866 	 1070
3867 	 1075
3868 	 1080
3869 	 1085
3870 	 1090
3871 	 1100
3872 	 1110
3873 	 1115
3874 	 1120
3875 	 1125
3876 	 1130
3877 	 1135
3878 	 403
3879 	 408
3880 	 413
3881 	 418
3882 	 423
3883 	 428
3884 	 433
3885 	 438
3886 	 443
3887 	 448
3888 	 453
3889 	 458
3890 	 463
3891 	 468
3892 	 473
3893 	 478
3894 	 483
3895 	 488
3896 	 493
3897 	 503
3898 	 508
3899 	 513
3900 	 518
3901 	 523
3902 	 528
3903 	 533
3904 	 538
3905 	 543
3906 	 548
3907 	 553
3908 	 558
3909 	 563
3910 	 568
3911 	 573
3912 	 578
3913 	 598
3914 	 603
3915 	 608
3916 	 613
3917 	 618
3918 	 628
3919 	 633
3920 	 638
3921 	 643
3922 	 648
3923 	 658
3924 	 663
3925 	 668
3926 	 673
3927 	 678
3928 	 683
3929 	 688
3930 	 693
3931 	 698
3932 	 708
3933 	 718
3934 	 728
3935 	 733
3936 	 738
3937 	 743
3938 	 748
3939 	 758
3940 	 768
3941 	 778
3942 	 783
3943 	 788
3944 	 793
3945 	 798
3946 	 803
3947 	 813
3948 	 823
3949 	 833
3950 	 838
3951 	 843
3952 	 848
3953 	 853
3954 	 858
3955 	 868
3956 	 878
3957 	 883
3958 	 888
3959 	 893
3960 	 898
3961 	 903
3962 	 908
3963 	 913
3964 	 918
3965 	 923
3966 	 928
3967 	 933
3968 	 938
3969 	 958
3970 	 963
3971 	 968
3972 	 973
3973 	 983
3974 	 988
3975 	 993
3976 	 998
3977 	 1003
3978 	 1008
3979 	 1013
3980 	 1018
3981 	 1023
3982 	 1028
3983 	 1033
3984 	 1038
3985 	 1043
3986 	 1048
3987 	 1053
3988 	 1063
3989 	 1073
3990 	 1078
3991 	 1083
3992 	 1088
3993 	 1093
3994 	 1103
3995 	 1108
3996 	 1113
3997 	 1118
3998 	 1123
3999 	 1128
4000 	 1133
4001 	 1143
4002 	 416
4003 	 426
4004 	 436
4005 	 441
4006 	 446
4007 	 451
4008 	 456
4009 	 461
4010 	 471
4011 	 481
4012 	 501
4013 	 506
4014 	 516
4015 	 521
4016 	 526
4017 	 531
4018 	 536
4019 	 541
4020 	 546
4021 	 551
4022 	 556
4023 	 561
4024 	 566
4025 	 571
4026 	 576
4027 	 581
4028 	 586
4029 	 591
4030 	 596
4031 	 601
4032 	 606
4033 	 611
4034 	 616
4035 	 626
4036 	 631
4037 	 636
4038 	 641
4039 	 646
4040 	 651
4041 	 656
4042 	 661
4043 	 666
4044 	 671
4045 	 676
4046 	 681
4047 	 686
4048 	 691
4049 	 696
4050 	 701
4051 	 706
4052 	 711
4053 	 721
4054 	 731
4055 	 741
4056 	 746
4057 	 751
4058 	 756
4059 	 761
4060 	 771
4061 	 776
4062 	 781
4063 	 786
4064 	 791
4065 	 811
4066 	 816
4067 	 826
4068 	 836
4069 	 846
4070 	 866
4071 	 871
4072 	 881
4073 	 891
4074 	 896
4075 	 906
4076 	 916
4077 	 921
4078 	 926
4079 	 931
4080 	 936
4081 	 946
4082 	 951
4083 	 956
4084 	 961
4085 	 966
4086 	 971
4087 	 976
4088 	 986
4089 	 996
4090 	 1001
4091 	 1006
4092 	 1011
4093 	 1016
4094 	 1021
4095 	 1026
4096 	 1031
4097 	 1036
4098 	 1041
4099 	 1061
4100 	 1066
4101 	 1071
4102 	 1076
4103 	 1081
4104 	 1086
4105 	 1091
4106 	 1096
4107 	 1106
4108 	 1116
4109 	 1121
4110 	 1141
4111 	 1146
4112 	 1156
4113 	 1161
4114 	 429
4115 	 439
4116 	 449
4117 	 469
4118 	 474
4119 	 484
4120 	 494
4121 	 499
4122 	 504
4123 	 509
4124 	 514
4125 	 519
4126 	 524
4127 	 529
4128 	 534
4129 	 539
4130 	 544
4131 	 549
4132 	 554
4133 	 559
4134 	 564
4135 	 569
4136 	 574
4137 	 584
4138 	 594
4139 	 599
4140 	 619
4141 	 624
4142 	 629
4143 	 639
4144 	 644
4145 	 654
4146 	 659
4147 	 664
4148 	 669
4149 	 674
4150 	 679
4151 	 689
4152 	 709
4153 	 714
4154 	 719
4155 	 724
4156 	 729
4157 	 734
4158 	 739
4159 	 744
4160 	 749
4161 	 754
4162 	 759
4163 	 764
4164 	 769
4165 	 774
4166 	 779
4167 	 784
4168 	 789
4169 	 794
4170 	 799
4171 	 804
4172 	 809
4173 	 814
4174 	 819
4175 	 824
4176 	 829
4177 	 834
4178 	 839
4179 	 844
4180 	 849
4181 	 854
4182 	 859
4183 	 864
4184 	 869
4185 	 874
4186 	 879
4187 	 884
4188 	 889
4189 	 894
4190 	 899
4191 	 904
4192 	 909
4193 	 919
4194 	 929
4195 	 934
4196 	 939
4197 	 944
4198 	 949
4199 	 959
4200 	 969
4201 	 974
4202 	 979
4203 	 984
4204 	 989
4205 	 999
4206 	 1004
4207 	 1009
4208 	 1014
4209 	 1019
4210 	 1024
4211 	 1029
4212 	 1049
4213 	 1054
4214 	 1059
4215 	 1064
4216 	 1069
4217 	 1074
4218 	 1079
4219 	 1084
4220 	 1094
4221 	 1099
4222 	 1104
4223 	 1109
4224 	 1119
4225 	 1124
4226 	 1129
4227 	 1134
4228 	 1139
4229 	 1144
4230 	 1149
4231 	 1154
4232 	 1159
4233 	 1164
4234 	 1169
4235 	 1174
4236 	 442
4237 	 447
4238 	 452
4239 	 457
4240 	 462
4241 	 467
4242 	 472
4243 	 477
4244 	 482
4245 	 487
4246 	 492
4247 	 497
4248 	 502
4249 	 507
4250 	 512
4251 	 517
4252 	 522
4253 	 527
4254 	 532
4255 	 537
4256 	 542
4257 	 547
4258 	 552
4259 	 557
4260 	 562
4261 	 567
4262 	 577
4263 	 587
4264 	 597
4265 	 607
4266 	 612
4267 	 617
4268 	 622
4269 	 627
4270 	 632
4271 	 637
4272 	 642
4273 	 647
4274 	 652
4275 	 657
4276 	 667
4277 	 672
4278 	 677
4279 	 682
4280 	 687
4281 	 692
4282 	 702
4283 	 707
4284 	 712
4285 	 717
4286 	 722
4287 	 727
4288 	 732
4289 	 737
4290 	 747
4291 	 752
4292 	 757
4293 	 762
4294 	 767
4295 	 772
4296 	 792
4297 	 797
4298 	 807
4299 	 812
4300 	 817
4301 	 822
4302 	 827
4303 	 832
4304 	 852
4305 	 857
4306 	 877
4307 	 882
4308 	 887
4309 	 892
4310 	 897
4311 	 917
4312 	 922
4313 	 927
4314 	 932
4315 	 937
4316 	 942
4317 	 947
4318 	 952
4319 	 957
4320 	 962
4321 	 967
4322 	 972
4323 	 982
4324 	 1002
4325 	 1007
4326 	 1012
4327 	 1017
4328 	 1037
4329 	 1042
4330 	 1047
4331 	 1052
4332 	 1057
4333 	 1062
4334 	 1067
4335 	 1072
4336 	 1077
4337 	 1097
4338 	 1107
4339 	 1112
4340 	 1117
4341 	 1122
4342 	 1127
4343 	 1132
4344 	 1152
4345 	 1157
4346 	 1162
4347 	 1167
4348 	 1172
4349 	 1177
4350 	 1182
4351 	 1187
4352 	 455
4353 	 460
4354 	 470
4355 	 475
4356 	 485
4357 	 495
4358 	 500
4359 	 505
4360 	 510
4361 	 515
4362 	 525
4363 	 530
4364 	 540
4365 	 550
4366 	 560
4367 	 570
4368 	 580
4369 	 590
4370 	 600
4371 	 605
4372 	 610
4373 	 615
4374 	 620
4375 	 625
4376 	 630
4377 	 640
4378 	 650
4379 	 660
4380 	 665
4381 	 670
4382 	 675
4383 	 680
4384 	 685
4385 	 690
4386 	 695
4387 	 705
4388 	 710
4389 	 715
4390 	 720
4391 	 725
4392 	 730
4393 	 735
4394 	 740
4395 	 745
4396 	 750
4397 	 760
4398 	 765
4399 	 770
4400 	 775
4401 	 785
4402 	 790
4403 	 795
4404 	 800
4405 	 805
4406 	 810
4407 	 820
4408 	 830
4409 	 835
4410 	 840
4411 	 845
4412 	 850
4413 	 855
4414 	 860
4415 	 865
4416 	 870
4417 	 875
4418 	 880
4419 	 885
4420 	 890
4421 	 895
4422 	 905
4423 	 910
4424 	 915
4425 	 920
4426 	 925
4427 	 930
4428 	 935
4429 	 940
4430 	 945
4431 	 950
4432 	 955
4433 	 965
4434 	 970
4435 	 975
4436 	 980
4437 	 985
4438 	 990
4439 	 995
4440 	 1000
4441 	 1005
4442 	 1010
4443 	 1015
4444 	 1020
4445 	 1030
4446 	 1035
4447 	 1040
4448 	 1045
4449 	 1050
4450 	 1055
4451 	 1060
4452 	 1070
4453 	 1080
4454 	 1085
4455 	 1090
4456 	 1095
4457 	 1100
4458 	 1105
4459 	 1110
4460 	 1115
4461 	 1120
4462 	 1140
4463 	 1145
4464 	 1150
4465 	 1155
4466 	 1160
4467 	 1165
4468 	 1175
4469 	 1180
4470 	 1185
4471 	 1190
