
Tempo total de execução: 13.000000 milissegundo(s).

0 	 2147483647
1 	 0
2 	 5
3 	 10
4 	 2147483647
5 	 2147483647
6 	 2147483647
7 	 2147483647
8 	 2147483647
9 	 2147483647
10 	 2147483647
11 	 2147483647
12 	 2147483647
13 	 2147483647
14 	 2147483647
15 	 2147483647
16 	 2147483647
17 	 2147483647
18 	 2147483647
19 	 2147483647
20 	 2147483647
21 	 2147483647
22 	 2147483647
23 	 2147483647
24 	 2147483647
25 	 2147483647
26 	 2147483647
27 	 2147483647
28 	 2147483647
29 	 2147483647
30 	 2147483647
31 	 2147483647
32 	 2147483647
33 	 2147483647
34 	 2147483647
35 	 2147483647
36 	 2147483647
37 	 2147483647
38 	 2147483647
39 	 2147483647
40 	 2147483647
41 	 2147483647
42 	 2147483647
43 	 2147483647
44 	 2147483647
45 	 2147483647
46 	 2147483647
47 	 2147483647
48 	 2147483647
49 	 2147483647
50 	 2147483647
51 	 2147483647
52 	 2147483647
53 	 2147483647
54 	 2147483647
55 	 2147483647
56 	 2147483647
57 	 2147483647
58 	 2147483647
59 	 2147483647
60 	 2147483647
61 	 2147483647
62 	 2147483647
63 	 2147483647
64 	 2147483647
65 	 2147483647
66 	 2147483647
67 	 2147483647
68 	 2147483647
69 	 2147483647
70 	 2147483647
71 	 2147483647
72 	 2147483647
73 	 2147483647
74 	 2147483647
75 	 2147483647
76 	 2147483647
77 	 2147483647
78 	 2147483647
79 	 2147483647
80 	 2147483647
81 	 2147483647
82 	 2147483647
83 	 2147483647
84 	 2147483647
85 	 2147483647
86 	 2147483647
87 	 2147483647
88 	 2147483647
89 	 2147483647
90 	 2147483647
91 	 2147483647
92 	 2147483647
93 	 2147483647
94 	 2147483647
95 	 2147483647
96 	 2147483647
97 	 2147483647
98 	 2147483647
99 	 2147483647
100 	 2147483647
101 	 2147483647
102 	 2147483647
103 	 2147483647
104 	 2147483647
105 	 2147483647
106 	 2147483647
107 	 2147483647
108 	 2147483647
109 	 2147483647
110 	 2147483647
111 	 2147483647
112 	 2147483647
113 	 2147483647
114 	 2147483647
115 	 2147483647
116 	 2147483647
117 	 2147483647
118 	 2147483647
119 	 2147483647
120 	 2147483647
121 	 2147483647
122 	 2147483647
123 	 18
124 	 23
125 	 28
126 	 33
127 	 38
128 	 43
129 	 2147483647
130 	 2147483647
131 	 2147483647
132 	 2147483647
133 	 2147483647
134 	 2147483647
135 	 2147483647
136 	 2147483647
137 	 2147483647
138 	 2147483647
139 	 2147483647
140 	 2147483647
141 	 2147483647
142 	 2147483647
143 	 2147483647
144 	 2147483647
145 	 2147483647
146 	 2147483647
147 	 2147483647
148 	 2147483647
149 	 2147483647
150 	 2147483647
151 	 2147483647
152 	 2147483647
153 	 2147483647
154 	 2147483647
155 	 2147483647
156 	 2147483647
157 	 2147483647
158 	 2147483647
159 	 2147483647
160 	 2147483647
161 	 2147483647
162 	 2147483647
163 	 2147483647
164 	 2147483647
165 	 2147483647
166 	 2147483647
167 	 2147483647
168 	 2147483647
169 	 2147483647
170 	 2147483647
171 	 2147483647
172 	 2147483647
173 	 2147483647
174 	 2147483647
175 	 2147483647
176 	 2147483647
177 	 2147483647
178 	 2147483647
179 	 2147483647
180 	 2147483647
181 	 2147483647
182 	 2147483647
183 	 2147483647
184 	 2147483647
185 	 2147483647
186 	 2147483647
187 	 2147483647
188 	 2147483647
189 	 2147483647
190 	 2147483647
191 	 2147483647
192 	 2147483647
193 	 2147483647
194 	 2147483647
195 	 2147483647
196 	 2147483647
197 	 2147483647
198 	 2147483647
199 	 2147483647
200 	 2147483647
201 	 2147483647
202 	 2147483647
203 	 2147483647
204 	 2147483647
205 	 2147483647
206 	 2147483647
207 	 2147483647
208 	 2147483647
209 	 2147483647
210 	 2147483647
211 	 2147483647
212 	 2147483647
213 	 2147483647
214 	 2147483647
215 	 2147483647
216 	 2147483647
217 	 2147483647
218 	 2147483647
219 	 2147483647
220 	 2147483647
221 	 2147483647
222 	 2147483647
223 	 2147483647
224 	 2147483647
225 	 2147483647
226 	 2147483647
227 	 2147483647
228 	 2147483647
229 	 2147483647
230 	 2147483647
231 	 2147483647
232 	 2147483647
233 	 2147483647
234 	 2147483647
235 	 2147483647
236 	 2147483647
237 	 2147483647
238 	 2147483647
239 	 2147483647
240 	 2147483647
241 	 2147483647
242 	 31
243 	 36
244 	 41
245 	 46
246 	 51
247 	 56
248 	 61
249 	 66
250 	 2147483647
251 	 2147483647
252 	 2147483647
253 	 2147483647
254 	 2147483647
255 	 2147483647
256 	 2147483647
257 	 2147483647
258 	 2147483647
259 	 2147483647
260 	 2147483647
261 	 2147483647
262 	 2147483647
263 	 2147483647
264 	 2147483647
265 	 2147483647
266 	 2147483647
267 	 2147483647
268 	 2147483647
269 	 2147483647
270 	 2147483647
271 	 2147483647
272 	 2147483647
273 	 2147483647
274 	 2147483647
275 	 2147483647
276 	 2147483647
277 	 2147483647
278 	 2147483647
279 	 2147483647
280 	 2147483647
281 	 2147483647
282 	 2147483647
283 	 2147483647
284 	 2147483647
285 	 2147483647
286 	 2147483647
287 	 2147483647
288 	 2147483647
289 	 2147483647
290 	 2147483647
291 	 2147483647
292 	 2147483647
293 	 2147483647
294 	 2147483647
295 	 2147483647
296 	 2147483647
297 	 2147483647
298 	 2147483647
299 	 2147483647
300 	 2147483647
301 	 2147483647
302 	 2147483647
303 	 2147483647
304 	 2147483647
305 	 2147483647
306 	 2147483647
307 	 2147483647
308 	 2147483647
309 	 2147483647
310 	 2147483647
311 	 2147483647
312 	 2147483647
313 	 2147483647
314 	 2147483647
315 	 2147483647
316 	 2147483647
317 	 2147483647
318 	 2147483647
319 	 2147483647
320 	 2147483647
321 	 2147483647
322 	 2147483647
323 	 2147483647
324 	 2147483647
325 	 2147483647
326 	 2147483647
327 	 2147483647
328 	 2147483647
329 	 2147483647
330 	 2147483647
331 	 2147483647
332 	 2147483647
333 	 2147483647
334 	 2147483647
335 	 2147483647
336 	 2147483647
337 	 2147483647
338 	 2147483647
339 	 2147483647
340 	 2147483647
341 	 2147483647
342 	 2147483647
343 	 2147483647
344 	 2147483647
345 	 2147483647
346 	 2147483647
347 	 2147483647
348 	 2147483647
349 	 2147483647
350 	 2147483647
351 	 2147483647
352 	 2147483647
353 	 2147483647
354 	 2147483647
355 	 2147483647
356 	 2147483647
357 	 2147483647
358 	 2147483647
359 	 2147483647
360 	 2147483647
361 	 2147483647
362 	 2147483647
363 	 2147483647
364 	 2147483647
365 	 2147483647
366 	 2147483647
367 	 2147483647
368 	 2147483647
369 	 44
370 	 49
371 	 54
372 	 59
373 	 64
374 	 69
375 	 74
376 	 79
377 	 84
378 	 89
379 	 94
380 	 99
381 	 104
382 	 109
383 	 114
384 	 119
385 	 124
386 	 129
387 	 134
388 	 139
389 	 144
390 	 149
391 	 154
392 	 159
393 	 164
394 	 169
395 	 174
396 	 179
397 	 184
398 	 2147483647
399 	 2147483647
400 	 2147483647
401 	 2147483647
402 	 2147483647
403 	 2147483647
404 	 2147483647
405 	 2147483647
406 	 2147483647
407 	 2147483647
408 	 2147483647
409 	 2147483647
410 	 2147483647
411 	 2147483647
412 	 2147483647
413 	 2147483647
414 	 2147483647
415 	 2147483647
416 	 2147483647
417 	 2147483647
418 	 2147483647
419 	 2147483647
420 	 2147483647
421 	 2147483647
422 	 2147483647
423 	 2147483647
424 	 2147483647
425 	 2147483647
426 	 2147483647
427 	 2147483647
428 	 2147483647
429 	 2147483647
430 	 2147483647
431 	 2147483647
432 	 2147483647
433 	 2147483647
434 	 2147483647
435 	 2147483647
436 	 2147483647
437 	 2147483647
438 	 2147483647
439 	 2147483647
440 	 2147483647
441 	 2147483647
442 	 2147483647
443 	 2147483647
444 	 2147483647
445 	 2147483647
446 	 2147483647
447 	 2147483647
448 	 2147483647
449 	 2147483647
450 	 2147483647
451 	 2147483647
452 	 2147483647
453 	 2147483647
454 	 2147483647
455 	 2147483647
456 	 2147483647
457 	 2147483647
458 	 2147483647
459 	 2147483647
460 	 2147483647
461 	 2147483647
462 	 2147483647
463 	 2147483647
464 	 2147483647
465 	 2147483647
466 	 2147483647
467 	 2147483647
468 	 2147483647
469 	 2147483647
470 	 2147483647
471 	 2147483647
472 	 2147483647
473 	 2147483647
474 	 2147483647
475 	 2147483647
476 	 2147483647
477 	 2147483647
478 	 2147483647
479 	 2147483647
480 	 2147483647
481 	 2147483647
482 	 2147483647
483 	 2147483647
484 	 2147483647
485 	 2147483647
486 	 2147483647
487 	 2147483647
488 	 2147483647
489 	 2147483647
490 	 2147483647
491 	 2147483647
492 	 2147483647
493 	 2147483647
494 	 57
495 	 62
496 	 67
497 	 72
498 	 77
499 	 82
500 	 87
501 	 92
502 	 97
503 	 102
504 	 107
505 	 112
506 	 117
507 	 122
508 	 127
509 	 132
510 	 137
511 	 142
512 	 147
513 	 152
514 	 157
515 	 167
516 	 172
517 	 177
518 	 182
519 	 187
520 	 192
521 	 197
522 	 202
523 	 207
524 	 212
525 	 217
526 	 2147483647
527 	 2147483647
528 	 2147483647
529 	 2147483647
530 	 2147483647
531 	 2147483647
532 	 2147483647
533 	 2147483647
534 	 2147483647
535 	 2147483647
536 	 2147483647
537 	 2147483647
538 	 2147483647
539 	 2147483647
540 	 2147483647
541 	 2147483647
542 	 2147483647
543 	 2147483647
544 	 2147483647
545 	 2147483647
546 	 2147483647
547 	 2147483647
548 	 2147483647
549 	 2147483647
550 	 2147483647
551 	 2147483647
552 	 2147483647
553 	 2147483647
554 	 2147483647
555 	 2147483647
556 	 2147483647
557 	 2147483647
558 	 2147483647
559 	 2147483647
560 	 2147483647
561 	 2147483647
562 	 2147483647
563 	 2147483647
564 	 2147483647
565 	 2147483647
566 	 2147483647
567 	 2147483647
568 	 2147483647
569 	 2147483647
570 	 2147483647
571 	 2147483647
572 	 2147483647
573 	 2147483647
574 	 2147483647
575 	 2147483647
576 	 2147483647
577 	 2147483647
578 	 2147483647
579 	 2147483647
580 	 2147483647
581 	 2147483647
582 	 2147483647
583 	 2147483647
584 	 2147483647
585 	 2147483647
586 	 2147483647
587 	 2147483647
588 	 2147483647
589 	 2147483647
590 	 2147483647
591 	 2147483647
592 	 2147483647
593 	 2147483647
594 	 2147483647
595 	 2147483647
596 	 2147483647
597 	 2147483647
598 	 2147483647
599 	 2147483647
600 	 2147483647
601 	 2147483647
602 	 2147483647
603 	 2147483647
604 	 2147483647
605 	 2147483647
606 	 2147483647
607 	 2147483647
608 	 2147483647
609 	 2147483647
610 	 2147483647
611 	 2147483647
612 	 2147483647
613 	 2147483647
614 	 2147483647
615 	 2147483647
616 	 2147483647
617 	 2147483647
618 	 70
619 	 75
620 	 80
621 	 85
622 	 90
623 	 95
624 	 100
625 	 105
626 	 110
627 	 115
628 	 120
629 	 125
630 	 130
631 	 135
632 	 140
633 	 145
634 	 150
635 	 155
636 	 160
637 	 165
638 	 170
639 	 180
640 	 185
641 	 190
642 	 195
643 	 200
644 	 205
645 	 210
646 	 215
647 	 220
648 	 225
649 	 230
650 	 2147483647
651 	 2147483647
652 	 2147483647
653 	 2147483647
654 	 2147483647
655 	 2147483647
656 	 2147483647
657 	 2147483647
658 	 2147483647
659 	 2147483647
660 	 2147483647
661 	 2147483647
662 	 2147483647
663 	 2147483647
664 	 2147483647
665 	 2147483647
666 	 2147483647
667 	 2147483647
668 	 2147483647
669 	 2147483647
670 	 2147483647
671 	 2147483647
672 	 2147483647
673 	 2147483647
674 	 2147483647
675 	 2147483647
676 	 2147483647
677 	 2147483647
678 	 2147483647
679 	 2147483647
680 	 2147483647
681 	 2147483647
682 	 2147483647
683 	 2147483647
684 	 2147483647
685 	 2147483647
686 	 2147483647
687 	 2147483647
688 	 2147483647
689 	 2147483647
690 	 2147483647
691 	 2147483647
692 	 2147483647
693 	 2147483647
694 	 2147483647
695 	 2147483647
696 	 2147483647
697 	 2147483647
698 	 2147483647
699 	 2147483647
700 	 2147483647
701 	 2147483647
702 	 2147483647
703 	 2147483647
704 	 2147483647
705 	 2147483647
706 	 2147483647
707 	 2147483647
708 	 2147483647
709 	 2147483647
710 	 2147483647
711 	 2147483647
712 	 2147483647
713 	 2147483647
714 	 2147483647
715 	 2147483647
716 	 2147483647
717 	 2147483647
718 	 2147483647
719 	 2147483647
720 	 2147483647
721 	 2147483647
722 	 2147483647
723 	 2147483647
724 	 2147483647
725 	 2147483647
726 	 2147483647
727 	 2147483647
728 	 2147483647
729 	 2147483647
730 	 2147483647
731 	 2147483647
732 	 2147483647
733 	 2147483647
734 	 2147483647
735 	 2147483647
736 	 2147483647
737 	 2147483647
738 	 2147483647
739 	 2147483647
740 	 2147483647
741 	 2147483647
742 	 2147483647
743 	 2147483647
744 	 83
745 	 88
746 	 93
747 	 98
748 	 103
749 	 108
750 	 113
751 	 118
752 	 123
753 	 128
754 	 133
755 	 138
756 	 143
757 	 148
758 	 153
759 	 158
760 	 163
761 	 173
762 	 178
763 	 183
764 	 188
765 	 193
766 	 198
767 	 203
768 	 208
769 	 213
770 	 218
771 	 223
772 	 228
773 	 233
774 	 243
775 	 248
776 	 253
777 	 258
778 	 263
779 	 268
780 	 273
781 	 278
782 	 283
783 	 288
784 	 293
785 	 298
786 	 2147483647
787 	 2147483647
788 	 2147483647
789 	 2147483647
790 	 2147483647
791 	 2147483647
792 	 2147483647
793 	 2147483647
794 	 2147483647
795 	 2147483647
796 	 2147483647
797 	 2147483647
798 	 2147483647
799 	 2147483647
800 	 2147483647
801 	 2147483647
802 	 2147483647
803 	 2147483647
804 	 2147483647
805 	 2147483647
806 	 2147483647
807 	 2147483647
808 	 2147483647
809 	 2147483647
810 	 2147483647
811 	 2147483647
812 	 2147483647
813 	 2147483647
814 	 2147483647
815 	 2147483647
816 	 2147483647
817 	 2147483647
818 	 2147483647
819 	 2147483647
820 	 2147483647
821 	 2147483647
822 	 2147483647
823 	 2147483647
824 	 2147483647
825 	 2147483647
826 	 2147483647
827 	 2147483647
828 	 2147483647
829 	 2147483647
830 	 2147483647
831 	 2147483647
832 	 2147483647
833 	 2147483647
834 	 2147483647
835 	 2147483647
836 	 2147483647
837 	 2147483647
838 	 2147483647
839 	 2147483647
840 	 2147483647
841 	 2147483647
842 	 2147483647
843 	 2147483647
844 	 2147483647
845 	 2147483647
846 	 2147483647
847 	 2147483647
848 	 2147483647
849 	 2147483647
850 	 2147483647
851 	 2147483647
852 	 2147483647
853 	 2147483647
854 	 2147483647
855 	 2147483647
856 	 2147483647
857 	 2147483647
858 	 2147483647
859 	 2147483647
860 	 2147483647
861 	 2147483647
862 	 2147483647
863 	 2147483647
864 	 2147483647
865 	 96
866 	 101
867 	 106
868 	 111
869 	 121
870 	 126
871 	 131
872 	 136
873 	 141
874 	 146
875 	 151
876 	 156
877 	 161
878 	 166
879 	 171
880 	 176
881 	 186
882 	 196
883 	 206
884 	 216
885 	 221
886 	 226
887 	 231
888 	 236
889 	 241
890 	 246
891 	 256
892 	 261
893 	 266
894 	 271
895 	 276
896 	 296
897 	 301
898 	 306
899 	 311
900 	 316
901 	 321
902 	 326
903 	 331
904 	 336
905 	 341
906 	 346
907 	 351
908 	 356
909 	 2147483647
910 	 2147483647
911 	 2147483647
912 	 2147483647
913 	 2147483647
914 	 2147483647
915 	 2147483647
916 	 2147483647
917 	 2147483647
918 	 2147483647
919 	 2147483647
920 	 2147483647
921 	 2147483647
922 	 2147483647
923 	 2147483647
924 	 2147483647
925 	 2147483647
926 	 2147483647
927 	 2147483647
928 	 2147483647
929 	 2147483647
930 	 2147483647
931 	 2147483647
932 	 2147483647
933 	 2147483647
934 	 2147483647
935 	 2147483647
936 	 2147483647
937 	 2147483647
938 	 2147483647
939 	 2147483647
940 	 2147483647
941 	 2147483647
942 	 2147483647
943 	 2147483647
944 	 2147483647
945 	 2147483647
946 	 2147483647
947 	 2147483647
948 	 2147483647
949 	 2147483647
950 	 2147483647
951 	 2147483647
952 	 2147483647
953 	 2147483647
954 	 2147483647
955 	 2147483647
956 	 2147483647
957 	 2147483647
958 	 2147483647
959 	 2147483647
960 	 2147483647
961 	 2147483647
962 	 2147483647
963 	 2147483647
964 	 2147483647
965 	 2147483647
966 	 2147483647
967 	 2147483647
968 	 2147483647
969 	 2147483647
970 	 2147483647
971 	 2147483647
972 	 2147483647
973 	 2147483647
974 	 2147483647
975 	 2147483647
976 	 2147483647
977 	 2147483647
978 	 2147483647
979 	 2147483647
980 	 2147483647
981 	 2147483647
982 	 109
983 	 114
984 	 124
985 	 134
986 	 139
987 	 144
988 	 149
989 	 154
990 	 159
991 	 164
992 	 169
993 	 174
994 	 179
995 	 184
996 	 189
997 	 194
998 	 199
999 	 209
1000 	 219
1001 	 229
1002 	 239
1003 	 249
1004 	 259
1005 	 264
1006 	 269
1007 	 274
1008 	 279
1009 	 284
1010 	 289
1011 	 294
1012 	 299
1013 	 304
1014 	 309
1015 	 314
1016 	 319
1017 	 324
1018 	 329
1019 	 334
1020 	 339
1021 	 344
1022 	 349
1023 	 354
1024 	 359
1025 	 364
1026 	 369
1027 	 374
1028 	 379
1029 	 384
1030 	 389
1031 	 394
1032 	 399
1033 	 404
1034 	 409
1035 	 414
1036 	 419
1037 	 2147483647
1038 	 2147483647
1039 	 2147483647
1040 	 2147483647
1041 	 2147483647
1042 	 2147483647
1043 	 2147483647
1044 	 2147483647
1045 	 2147483647
1046 	 2147483647
1047 	 2147483647
1048 	 2147483647
1049 	 2147483647
1050 	 2147483647
1051 	 2147483647
1052 	 2147483647
1053 	 2147483647
1054 	 2147483647
1055 	 2147483647
1056 	 2147483647
1057 	 2147483647
1058 	 2147483647
1059 	 2147483647
1060 	 2147483647
1061 	 2147483647
1062 	 2147483647
1063 	 2147483647
1064 	 2147483647
1065 	 2147483647
1066 	 2147483647
1067 	 2147483647
1068 	 2147483647
1069 	 2147483647
1070 	 2147483647
1071 	 2147483647
1072 	 2147483647
1073 	 2147483647
1074 	 2147483647
1075 	 2147483647
1076 	 2147483647
1077 	 2147483647
1078 	 2147483647
1079 	 2147483647
1080 	 2147483647
1081 	 2147483647
1082 	 2147483647
1083 	 2147483647
1084 	 2147483647
1085 	 2147483647
1086 	 2147483647
1087 	 2147483647
1088 	 2147483647
1089 	 2147483647
1090 	 2147483647
1091 	 2147483647
1092 	 2147483647
1093 	 2147483647
1094 	 2147483647
1095 	 2147483647
1096 	 2147483647
1097 	 2147483647
1098 	 2147483647
1099 	 2147483647
1100 	 2147483647
1101 	 2147483647
1102 	 2147483647
1103 	 2147483647
1104 	 122
1105 	 127
1106 	 137
1107 	 142
1108 	 147
1109 	 152
1110 	 157
1111 	 162
1112 	 167
1113 	 172
1114 	 177
1115 	 182
1116 	 192
1117 	 197
1118 	 202
1119 	 207
1120 	 212
1121 	 217
1122 	 222
1123 	 227
1124 	 232
1125 	 237
1126 	 242
1127 	 252
1128 	 262
1129 	 272
1130 	 277
1131 	 282
1132 	 287
1133 	 292
1134 	 297
1135 	 302
1136 	 307
1137 	 312
1138 	 317
1139 	 327
1140 	 337
1141 	 342
1142 	 347
1143 	 352
1144 	 357
1145 	 362
1146 	 367
1147 	 372
1148 	 377
1149 	 382
1150 	 387
1151 	 392
1152 	 397
1153 	 402
1154 	 407
1155 	 412
1156 	 417
1157 	 422
1158 	 427
1159 	 432
1160 	 437
1161 	 442
1162 	 447
1163 	 452
1164 	 457
1165 	 462
1166 	 467
1167 	 472
1168 	 477
1169 	 482
1170 	 487
1171 	 492
1172 	 497
1173 	 502
1174 	 507
1175 	 2147483647
1176 	 2147483647
1177 	 2147483647
1178 	 2147483647
1179 	 2147483647
1180 	 2147483647
1181 	 2147483647
1182 	 2147483647
1183 	 2147483647
1184 	 2147483647
1185 	 2147483647
1186 	 2147483647
1187 	 2147483647
1188 	 2147483647
1189 	 2147483647
1190 	 2147483647
1191 	 2147483647
1192 	 2147483647
1193 	 2147483647
1194 	 2147483647
1195 	 2147483647
1196 	 2147483647
1197 	 2147483647
1198 	 2147483647
1199 	 2147483647
1200 	 2147483647
1201 	 2147483647
1202 	 2147483647
1203 	 2147483647
1204 	 2147483647
1205 	 2147483647
1206 	 2147483647
1207 	 2147483647
1208 	 2147483647
1209 	 2147483647
1210 	 2147483647
1211 	 2147483647
1212 	 2147483647
1213 	 2147483647
1214 	 2147483647
1215 	 2147483647
1216 	 2147483647
1217 	 2147483647
1218 	 2147483647
1219 	 2147483647
1220 	 2147483647
1221 	 2147483647
1222 	 2147483647
1223 	 2147483647
1224 	 2147483647
1225 	 135
1226 	 140
1227 	 145
1228 	 150
1229 	 155
1230 	 160
1231 	 165
1232 	 170
1233 	 175
1234 	 180
1235 	 185
1236 	 190
1237 	 195
1238 	 205
1239 	 210
1240 	 215
1241 	 220
1242 	 225
1243 	 230
1244 	 235
1245 	 240
1246 	 245
1247 	 250
1248 	 255
1249 	 260
1250 	 265
1251 	 270
1252 	 275
1253 	 280
1254 	 285
1255 	 290
1256 	 295
1257 	 300
1258 	 305
1259 	 310
1260 	 315
1261 	 320
1262 	 325
1263 	 330
1264 	 340
1265 	 350
1266 	 355
1267 	 360
1268 	 365
1269 	 370
1270 	 375
1271 	 380
1272 	 385
1273 	 390
1274 	 395
1275 	 400
1276 	 405
1277 	 410
1278 	 415
1279 	 420
1280 	 425
1281 	 435
1282 	 440
1283 	 445
1284 	 450
1285 	 455
1286 	 460
1287 	 465
1288 	 470
1289 	 475
1290 	 480
1291 	 490
1292 	 495
1293 	 500
1294 	 505
1295 	 510
1296 	 515
1297 	 520
1298 	 525
1299 	 530
1300 	 535
1301 	 540
1302 	 545
1303 	 550
1304 	 2147483647
1305 	 2147483647
1306 	 2147483647
1307 	 2147483647
1308 	 2147483647
1309 	 2147483647
1310 	 2147483647
1311 	 2147483647
1312 	 2147483647
1313 	 2147483647
1314 	 2147483647
1315 	 2147483647
1316 	 2147483647
1317 	 2147483647
1318 	 2147483647
1319 	 2147483647
1320 	 2147483647
1321 	 2147483647
1322 	 2147483647
1323 	 2147483647
1324 	 2147483647
1325 	 2147483647
1326 	 2147483647
1327 	 2147483647
1328 	 2147483647
1329 	 2147483647
1330 	 2147483647
1331 	 2147483647
1332 	 2147483647
1333 	 2147483647
1334 	 2147483647
1335 	 2147483647
1336 	 2147483647
1337 	 2147483647
1338 	 2147483647
1339 	 2147483647
1340 	 2147483647
1341 	 2147483647
1342 	 2147483647
1343 	 2147483647
1344 	 2147483647
1345 	 2147483647
1346 	 2147483647
1347 	 2147483647
1348 	 2147483647
1349 	 2147483647
1350 	 2147483647
1351 	 2147483647
1352 	 2147483647
1353 	 2147483647
1354 	 2147483647
1355 	 2147483647
1356 	 2147483647
1357 	 153
1358 	 163
1359 	 168
1360 	 173
1361 	 183
1362 	 188
1363 	 193
1364 	 198
1365 	 203
1366 	 208
1367 	 213
1368 	 218
1369 	 223
1370 	 228
1371 	 233
1372 	 243
1373 	 248
1374 	 268
1375 	 273
1376 	 283
1377 	 288
1378 	 293
1379 	 298
1380 	 303
1381 	 308
1382 	 313
1383 	 318
1384 	 323
1385 	 328
1386 	 333
1387 	 343
1388 	 348
1389 	 353
1390 	 358
1391 	 363
1392 	 368
1393 	 373
1394 	 378
1395 	 383
1396 	 388
1397 	 393
1398 	 398
1399 	 403
1400 	 408
1401 	 413
1402 	 418
1403 	 423
1404 	 428
1405 	 433
1406 	 438
1407 	 448
1408 	 453
1409 	 458
1410 	 463
1411 	 468
1412 	 473
1413 	 478
1414 	 483
1415 	 488
1416 	 493
1417 	 503
1418 	 508
1419 	 513
1420 	 518
1421 	 523
1422 	 528
1423 	 533
1424 	 538
1425 	 543
1426 	 548
1427 	 553
1428 	 558
1429 	 563
1430 	 568
1431 	 573
1432 	 578
1433 	 583
1434 	 588
1435 	 593
1436 	 598
1437 	 2147483647
1438 	 2147483647
1439 	 2147483647
1440 	 2147483647
1441 	 2147483647
1442 	 2147483647
1443 	 2147483647
1444 	 2147483647
1445 	 2147483647
1446 	 2147483647
1447 	 2147483647
1448 	 2147483647
1449 	 2147483647
1450 	 2147483647
1451 	 2147483647
1452 	 2147483647
1453 	 2147483647
1454 	 2147483647
1455 	 2147483647
1456 	 2147483647
1457 	 2147483647
1458 	 2147483647
1459 	 2147483647
1460 	 2147483647
1461 	 2147483647
1462 	 2147483647
1463 	 2147483647
1464 	 2147483647
1465 	 2147483647
1466 	 2147483647
1467 	 2147483647
1468 	 2147483647
1469 	 2147483647
1470 	 2147483647
1471 	 2147483647
1472 	 2147483647
1473 	 2147483647
1474 	 2147483647
1475 	 2147483647
1476 	 2147483647
1477 	 2147483647
1478 	 2147483647
1479 	 2147483647
1480 	 2147483647
1481 	 166
1482 	 176
1483 	 181
1484 	 186
1485 	 196
1486 	 201
1487 	 206
1488 	 211
1489 	 216
1490 	 221
1491 	 226
1492 	 231
1493 	 236
1494 	 241
1495 	 246
1496 	 256
1497 	 261
1498 	 266
1499 	 271
1500 	 276
1501 	 281
1502 	 286
1503 	 296
1504 	 301
1505 	 306
1506 	 311
1507 	 316
1508 	 321
1509 	 326
1510 	 331
1511 	 336
1512 	 346
1513 	 356
1514 	 361
1515 	 366
1516 	 371
1517 	 376
1518 	 381
1519 	 386
1520 	 391
1521 	 396
1522 	 401
1523 	 406
1524 	 411
1525 	 421
1526 	 426
1527 	 431
1528 	 436
1529 	 441
1530 	 446
1531 	 451
1532 	 456
1533 	 461
1534 	 466
1535 	 471
1536 	 476
1537 	 481
1538 	 486
1539 	 491
1540 	 496
1541 	 501
1542 	 506
1543 	 511
1544 	 516
1545 	 521
1546 	 526
1547 	 531
1548 	 536
1549 	 541
1550 	 546
1551 	 551
1552 	 556
1553 	 561
1554 	 566
1555 	 571
1556 	 576
1557 	 581
1558 	 586
1559 	 591
1560 	 596
1561 	 601
1562 	 606
1563 	 611
1564 	 616
1565 	 621
1566 	 2147483647
1567 	 2147483647
1568 	 2147483647
1569 	 2147483647
1570 	 2147483647
1571 	 2147483647
1572 	 2147483647
1573 	 2147483647
1574 	 2147483647
1575 	 2147483647
1576 	 2147483647
1577 	 2147483647
1578 	 2147483647
1579 	 2147483647
1580 	 2147483647
1581 	 2147483647
1582 	 2147483647
1583 	 2147483647
1584 	 2147483647
1585 	 2147483647
1586 	 2147483647
1587 	 2147483647
1588 	 2147483647
1589 	 2147483647
1590 	 2147483647
1591 	 2147483647
1592 	 2147483647
1593 	 2147483647
1594 	 2147483647
1595 	 2147483647
1596 	 2147483647
1597 	 2147483647
1598 	 2147483647
1599 	 2147483647
1600 	 2147483647
1601 	 2147483647
1602 	 2147483647
1603 	 2147483647
1604 	 2147483647
1605 	 2147483647
1606 	 2147483647
1607 	 2147483647
1608 	 2147483647
1609 	 179
1610 	 184
1611 	 189
1612 	 194
1613 	 199
1614 	 204
1615 	 209
1616 	 214
1617 	 224
1618 	 234
1619 	 239
1620 	 244
1621 	 249
1622 	 254
1623 	 259
1624 	 264
1625 	 269
1626 	 279
1627 	 284
1628 	 289
1629 	 294
1630 	 299
1631 	 304
1632 	 309
1633 	 314
1634 	 319
1635 	 324
1636 	 329
1637 	 334
1638 	 344
1639 	 349
1640 	 359
1641 	 364
1642 	 369
1643 	 374
1644 	 379
1645 	 384
1646 	 389
1647 	 394
1648 	 399
1649 	 404
1650 	 414
1651 	 424
1652 	 434
1653 	 439
1654 	 444
1655 	 449
1656 	 454
1657 	 459
1658 	 464
1659 	 469
1660 	 474
1661 	 479
1662 	 499
1663 	 504
1664 	 509
1665 	 514
1666 	 519
1667 	 524
1668 	 529
1669 	 534
1670 	 539
1671 	 544
1672 	 554
1673 	 564
1674 	 569
1675 	 574
1676 	 579
1677 	 584
1678 	 589
1679 	 594
1680 	 599
1681 	 604
1682 	 609
1683 	 614
1684 	 619
1685 	 624
1686 	 634
1687 	 2147483647
1688 	 2147483647
1689 	 2147483647
1690 	 2147483647
1691 	 2147483647
1692 	 2147483647
1693 	 2147483647
1694 	 2147483647
1695 	 2147483647
1696 	 2147483647
1697 	 2147483647
1698 	 2147483647
1699 	 2147483647
1700 	 2147483647
1701 	 2147483647
1702 	 2147483647
1703 	 2147483647
1704 	 2147483647
1705 	 2147483647
1706 	 2147483647
1707 	 2147483647
1708 	 2147483647
1709 	 2147483647
1710 	 2147483647
1711 	 2147483647
1712 	 2147483647
1713 	 2147483647
1714 	 2147483647
1715 	 2147483647
1716 	 2147483647
1717 	 2147483647
1718 	 2147483647
1719 	 2147483647
1720 	 2147483647
1721 	 2147483647
1722 	 2147483647
1723 	 2147483647
1724 	 2147483647
1725 	 2147483647
1726 	 2147483647
1727 	 2147483647
1728 	 2147483647
1729 	 2147483647
1730 	 2147483647
1731 	 2147483647
1732 	 2147483647
1733 	 2147483647
1734 	 2147483647
1735 	 202
1736 	 207
1737 	 212
1738 	 217
1739 	 222
1740 	 227
1741 	 237
1742 	 247
1743 	 252
1744 	 262
1745 	 267
1746 	 272
1747 	 277
1748 	 282
1749 	 292
1750 	 297
1751 	 317
1752 	 322
1753 	 327
1754 	 332
1755 	 337
1756 	 342
1757 	 347
1758 	 357
1759 	 362
1760 	 367
1761 	 372
1762 	 377
1763 	 382
1764 	 387
1765 	 392
1766 	 397
1767 	 402
1768 	 407
1769 	 412
1770 	 417
1771 	 427
1772 	 437
1773 	 442
1774 	 447
1775 	 452
1776 	 457
1777 	 462
1778 	 467
1779 	 472
1780 	 477
1781 	 482
1782 	 487
1783 	 492
1784 	 497
1785 	 502
1786 	 507
1787 	 512
1788 	 517
1789 	 522
1790 	 527
1791 	 537
1792 	 542
1793 	 547
1794 	 552
1795 	 557
1796 	 567
1797 	 577
1798 	 582
1799 	 587
1800 	 592
1801 	 597
1802 	 602
1803 	 607
1804 	 612
1805 	 617
1806 	 622
1807 	 627
1808 	 632
1809 	 637
1810 	 647
1811 	 652
1812 	 657
1813 	 2147483647
1814 	 2147483647
1815 	 2147483647
1816 	 2147483647
1817 	 2147483647
1818 	 2147483647
1819 	 2147483647
1820 	 2147483647
1821 	 2147483647
1822 	 2147483647
1823 	 2147483647
1824 	 2147483647
1825 	 2147483647
1826 	 2147483647
1827 	 2147483647
1828 	 2147483647
1829 	 2147483647
1830 	 2147483647
1831 	 2147483647
1832 	 2147483647
1833 	 2147483647
1834 	 2147483647
1835 	 2147483647
1836 	 2147483647
1837 	 2147483647
1838 	 2147483647
1839 	 2147483647
1840 	 2147483647
1841 	 2147483647
1842 	 2147483647
1843 	 2147483647
1844 	 2147483647
1845 	 2147483647
1846 	 2147483647
1847 	 2147483647
1848 	 2147483647
1849 	 2147483647
1850 	 2147483647
1851 	 2147483647
1852 	 215
1853 	 225
1854 	 230
1855 	 235
1856 	 240
1857 	 245
1858 	 250
1859 	 255
1860 	 260
1861 	 265
1862 	 275
1863 	 280
1864 	 285
1865 	 290
1866 	 295
1867 	 300
1868 	 305
1869 	 310
1870 	 315
1871 	 320
1872 	 325
1873 	 330
1874 	 335
1875 	 340
1876 	 345
1877 	 350
1878 	 355
1879 	 360
1880 	 365
1881 	 370
1882 	 375
1883 	 380
1884 	 390
1885 	 395
1886 	 400
1887 	 405
1888 	 410
1889 	 415
1890 	 420
1891 	 425
1892 	 430
1893 	 435
1894 	 440
1895 	 445
1896 	 450
1897 	 455
1898 	 465
1899 	 470
1900 	 475
1901 	 480
1902 	 485
1903 	 490
1904 	 495
1905 	 500
1906 	 505
1907 	 510
1908 	 515
1909 	 520
1910 	 525
1911 	 535
1912 	 540
1913 	 550
1914 	 555
1915 	 560
1916 	 565
1917 	 570
1918 	 575
1919 	 580
1920 	 585
1921 	 590
1922 	 595
1923 	 600
1924 	 605
1925 	 610
1926 	 615
1927 	 620
1928 	 625
1929 	 630
1930 	 635
1931 	 645
1932 	 650
1933 	 655
1934 	 660
1935 	 665
1936 	 670
1937 	 675
1938 	 680
1939 	 685
1940 	 690
1941 	 695
1942 	 700
1943 	 705
1944 	 710
1945 	 715
1946 	 720
1947 	 725
1948 	 730
1949 	 735
1950 	 740
1951 	 745
1952 	 750
1953 	 2147483647
1954 	 2147483647
1955 	 2147483647
1956 	 2147483647
1957 	 2147483647
1958 	 2147483647
1959 	 2147483647
1960 	 2147483647
1961 	 2147483647
1962 	 2147483647
1963 	 2147483647
1964 	 2147483647
1965 	 2147483647
1966 	 2147483647
1967 	 2147483647
1968 	 2147483647
1969 	 2147483647
1970 	 2147483647
1971 	 2147483647
1972 	 2147483647
1973 	 2147483647
1974 	 2147483647
1975 	 2147483647
1976 	 2147483647
1977 	 2147483647
1978 	 2147483647
1979 	 228
1980 	 238
1981 	 243
1982 	 248
1983 	 253
1984 	 273
1985 	 278
1986 	 283
1987 	 288
1988 	 293
1989 	 298
1990 	 308
1991 	 318
1992 	 338
1993 	 343
1994 	 353
1995 	 358
1996 	 363
1997 	 373
1998 	 378
1999 	 383
2000 	 388
2001 	 393
2002 	 403
2003 	 408
2004 	 413
2005 	 423
2006 	 428
2007 	 433
2008 	 438
2009 	 443
2010 	 453
2011 	 458
2012 	 468
2013 	 478
2014 	 483
2015 	 488
2016 	 493
2017 	 498
2018 	 503
2019 	 508
2020 	 513
2021 	 518
2022 	 523
2023 	 528
2024 	 533
2025 	 538
2026 	 548
2027 	 553
2028 	 558
2029 	 563
2030 	 568
2031 	 573
2032 	 578
2033 	 583
2034 	 588
2035 	 593
2036 	 598
2037 	 603
2038 	 608
2039 	 613
2040 	 618
2041 	 623
2042 	 628
2043 	 633
2044 	 638
2045 	 643
2046 	 648
2047 	 658
2048 	 663
2049 	 668
2050 	 673
2051 	 678
2052 	 683
2053 	 688
2054 	 693
2055 	 698
2056 	 703
2057 	 708
2058 	 713
2059 	 718
2060 	 723
2061 	 728
2062 	 748
2063 	 753
2064 	 758
2065 	 763
2066 	 768
2067 	 773
2068 	 778
2069 	 783
2070 	 788
2071 	 793
2072 	 798
2073 	 2147483647
2074 	 2147483647
2075 	 2147483647
2076 	 2147483647
2077 	 2147483647
2078 	 2147483647
2079 	 2147483647
2080 	 2147483647
2081 	 2147483647
2082 	 2147483647
2083 	 2147483647
2084 	 2147483647
2085 	 2147483647
2086 	 2147483647
2087 	 2147483647
2088 	 2147483647
2089 	 2147483647
2090 	 2147483647
2091 	 2147483647
2092 	 2147483647
2093 	 2147483647
2094 	 241
2095 	 246
2096 	 251
2097 	 256
2098 	 261
2099 	 266
2100 	 271
2101 	 276
2102 	 281
2103 	 286
2104 	 291
2105 	 296
2106 	 301
2107 	 306
2108 	 311
2109 	 321
2110 	 331
2111 	 336
2112 	 341
2113 	 346
2114 	 351
2115 	 356
2116 	 366
2117 	 371
2118 	 376
2119 	 386
2120 	 391
2121 	 396
2122 	 401
2123 	 406
2124 	 411
2125 	 416
2126 	 421
2127 	 426
2128 	 436
2129 	 441
2130 	 446
2131 	 451
2132 	 456
2133 	 466
2134 	 471
2135 	 481
2136 	 486
2137 	 491
2138 	 496
2139 	 501
2140 	 506
2141 	 511
2142 	 516
2143 	 521
2144 	 526
2145 	 531
2146 	 536
2147 	 541
2148 	 546
2149 	 551
2150 	 556
2151 	 561
2152 	 571
2153 	 576
2154 	 581
2155 	 586
2156 	 591
2157 	 596
2158 	 601
2159 	 606
2160 	 611
2161 	 616
2162 	 621
2163 	 626
2164 	 631
2165 	 636
2166 	 641
2167 	 651
2168 	 656
2169 	 661
2170 	 666
2171 	 671
2172 	 676
2173 	 681
2174 	 686
2175 	 691
2176 	 696
2177 	 701
2178 	 706
2179 	 711
2180 	 716
2181 	 721
2182 	 726
2183 	 731
2184 	 736
2185 	 741
2186 	 746
2187 	 751
2188 	 756
2189 	 761
2190 	 766
2191 	 771
2192 	 776
2193 	 781
2194 	 786
2195 	 791
2196 	 796
2197 	 801
2198 	 806
2199 	 811
2200 	 816
2201 	 821
2202 	 826
2203 	 831
2204 	 836
2205 	 2147483647
2206 	 2147483647
2207 	 2147483647
2208 	 2147483647
2209 	 2147483647
2210 	 2147483647
2211 	 2147483647
2212 	 2147483647
2213 	 2147483647
2214 	 2147483647
2215 	 2147483647
2216 	 2147483647
2217 	 2147483647
2218 	 2147483647
2219 	 2147483647
2220 	 2147483647
2221 	 2147483647
2222 	 2147483647
2223 	 2147483647
2224 	 269
2225 	 274
2226 	 279
2227 	 284
2228 	 294
2229 	 299
2230 	 304
2231 	 309
2232 	 314
2233 	 319
2234 	 324
2235 	 329
2236 	 334
2237 	 339
2238 	 344
2239 	 349
2240 	 359
2241 	 369
2242 	 374
2243 	 379
2244 	 384
2245 	 389
2246 	 394
2247 	 399
2248 	 404
2249 	 409
2250 	 414
2251 	 419
2252 	 424
2253 	 429
2254 	 434
2255 	 439
2256 	 444
2257 	 449
2258 	 459
2259 	 464
2260 	 469
2261 	 474
2262 	 479
2263 	 484
2264 	 489
2265 	 494
2266 	 499
2267 	 504
2268 	 509
2269 	 514
2270 	 519
2271 	 524
2272 	 529
2273 	 534
2274 	 539
2275 	 544
2276 	 549
2277 	 554
2278 	 559
2279 	 564
2280 	 574
2281 	 584
2282 	 589
2283 	 594
2284 	 599
2285 	 604
2286 	 609
2287 	 614
2288 	 619
2289 	 624
2290 	 629
2291 	 634
2292 	 639
2293 	 644
2294 	 649
2295 	 654
2296 	 664
2297 	 669
2298 	 674
2299 	 684
2300 	 694
2301 	 699
2302 	 704
2303 	 709
2304 	 719
2305 	 724
2306 	 734
2307 	 739
2308 	 744
2309 	 749
2310 	 754
2311 	 764
2312 	 769
2313 	 779
2314 	 784
2315 	 789
2316 	 809
2317 	 814
2318 	 819
2319 	 824
2320 	 829
2321 	 834
2322 	 839
2323 	 849
2324 	 854
2325 	 859
2326 	 864
2327 	 869
2328 	 874
2329 	 879
2330 	 884
2331 	 889
2332 	 2147483647
2333 	 2147483647
2334 	 2147483647
2335 	 2147483647
2336 	 2147483647
2337 	 2147483647
2338 	 2147483647
2339 	 2147483647
2340 	 2147483647
2341 	 2147483647
2342 	 2147483647
2343 	 2147483647
2344 	 282
2345 	 287
2346 	 292
2347 	 297
2348 	 307
2349 	 312
2350 	 317
2351 	 337
2352 	 342
2353 	 347
2354 	 352
2355 	 357
2356 	 362
2357 	 372
2358 	 382
2359 	 402
2360 	 407
2361 	 412
2362 	 432
2363 	 437
2364 	 457
2365 	 462
2366 	 472
2367 	 477
2368 	 497
2369 	 502
2370 	 507
2371 	 512
2372 	 517
2373 	 522
2374 	 527
2375 	 532
2376 	 537
2377 	 542
2378 	 547
2379 	 552
2380 	 557
2381 	 562
2382 	 567
2383 	 572
2384 	 577
2385 	 587
2386 	 592
2387 	 597
2388 	 602
2389 	 607
2390 	 612
2391 	 617
2392 	 622
2393 	 627
2394 	 632
2395 	 637
2396 	 642
2397 	 662
2398 	 667
2399 	 672
2400 	 677
2401 	 687
2402 	 697
2403 	 707
2404 	 712
2405 	 717
2406 	 722
2407 	 732
2408 	 737
2409 	 747
2410 	 757
2411 	 767
2412 	 777
2413 	 782
2414 	 792
2415 	 797
2416 	 802
2417 	 807
2418 	 812
2419 	 817
2420 	 822
2421 	 827
2422 	 832
2423 	 837
2424 	 842
2425 	 847
2426 	 852
2427 	 862
2428 	 867
2429 	 877
2430 	 887
2431 	 897
2432 	 902
2433 	 2147483647
2434 	 2147483647
2435 	 2147483647
2436 	 2147483647
2437 	 2147483647
2438 	 2147483647
2439 	 2147483647
2440 	 2147483647
2441 	 2147483647
2442 	 2147483647
2443 	 2147483647
2444 	 305
2445 	 310
2446 	 315
2447 	 320
2448 	 325
2449 	 330
2450 	 335
2451 	 340
2452 	 345
2453 	 350
2454 	 355
2455 	 365
2456 	 370
2457 	 375
2458 	 380
2459 	 385
2460 	 390
2461 	 395
2462 	 400
2463 	 405
2464 	 410
2465 	 415
2466 	 420
2467 	 425
2468 	 430
2469 	 435
2470 	 440
2471 	 445
2472 	 450
2473 	 455
2474 	 460
2475 	 465
2476 	 470
2477 	 475
2478 	 480
2479 	 485
2480 	 490
2481 	 495
2482 	 500
2483 	 505
2484 	 510
2485 	 515
2486 	 520
2487 	 525
2488 	 530
2489 	 535
2490 	 540
2491 	 545
2492 	 550
2493 	 555
2494 	 560
2495 	 565
2496 	 570
2497 	 575
2498 	 580
2499 	 585
2500 	 590
2501 	 595
2502 	 600
2503 	 610
2504 	 615
2505 	 625
2506 	 630
2507 	 635
2508 	 645
2509 	 650
2510 	 655
2511 	 660
2512 	 665
2513 	 670
2514 	 675
2515 	 680
2516 	 685
2517 	 690
2518 	 700
2519 	 705
2520 	 710
2521 	 715
2522 	 720
2523 	 725
2524 	 735
2525 	 740
2526 	 745
2527 	 750
2528 	 755
2529 	 760
2530 	 770
2531 	 780
2532 	 785
2533 	 790
2534 	 795
2535 	 800
2536 	 805
2537 	 810
2538 	 815
2539 	 820
2540 	 825
2541 	 830
2542 	 835
2543 	 845
2544 	 855
2545 	 860
2546 	 865
2547 	 870
2548 	 875
2549 	 880
2550 	 890
2551 	 900
2552 	 910
2553 	 915
2554 	 920
2555 	 925
2556 	 930
2557 	 935
2558 	 940
2559 	 945
2560 	 950
2561 	 955
2562 	 960
2563 	 965
2564 	 2147483647
2565 	 2147483647
2566 	 2147483647
2567 	 2147483647
2568 	 2147483647
2569 	 2147483647
2570 	 2147483647
2571 	 2147483647
2572 	 318
2573 	 323
2574 	 328
2575 	 338
2576 	 348
2577 	 353
2578 	 363
2579 	 368
2580 	 378
2581 	 383
2582 	 388
2583 	 393
2584 	 398
2585 	 403
2586 	 413
2587 	 418
2588 	 428
2589 	 438
2590 	 443
2591 	 448
2592 	 458
2593 	 468
2594 	 473
2595 	 478
2596 	 483
2597 	 488
2598 	 493
2599 	 498
2600 	 503
2601 	 508
2602 	 513
2603 	 518
2604 	 523
2605 	 533
2606 	 543
2607 	 548
2608 	 553
2609 	 563
2610 	 568
2611 	 573
2612 	 578
2613 	 583
2614 	 593
2615 	 598
2616 	 603
2617 	 613
2618 	 623
2619 	 628
2620 	 638
2621 	 643
2622 	 648
2623 	 658
2624 	 663
2625 	 668
2626 	 673
2627 	 678
2628 	 683
2629 	 688
2630 	 693
2631 	 698
2632 	 703
2633 	 708
2634 	 713
2635 	 718
2636 	 723
2637 	 728
2638 	 733
2639 	 738
2640 	 748
2641 	 753
2642 	 758
2643 	 763
2644 	 768
2645 	 773
2646 	 778
2647 	 783
2648 	 788
2649 	 793
2650 	 798
2651 	 803
2652 	 808
2653 	 813
2654 	 818
2655 	 823
2656 	 828
2657 	 833
2658 	 838
2659 	 843
2660 	 848
2661 	 858
2662 	 868
2663 	 873
2664 	 878
2665 	 883
2666 	 888
2667 	 893
2668 	 898
2669 	 903
2670 	 908
2671 	 913
2672 	 918
2673 	 923
2674 	 928
2675 	 933
2676 	 938
2677 	 948
2678 	 958
2679 	 963
2680 	 968
2681 	 973
2682 	 978
2683 	 2147483647
2684 	 2147483647
2685 	 2147483647
2686 	 2147483647
2687 	 2147483647
2688 	 2147483647
2689 	 2147483647
2690 	 2147483647
2691 	 331
2692 	 336
2693 	 341
2694 	 351
2695 	 361
2696 	 366
2697 	 376
2698 	 381
2699 	 386
2700 	 391
2701 	 396
2702 	 401
2703 	 411
2704 	 416
2705 	 426
2706 	 431
2707 	 441
2708 	 451
2709 	 456
2710 	 461
2711 	 471
2712 	 481
2713 	 486
2714 	 491
2715 	 496
2716 	 501
2717 	 506
2718 	 511
2719 	 531
2720 	 536
2721 	 546
2722 	 556
2723 	 561
2724 	 566
2725 	 576
2726 	 586
2727 	 596
2728 	 606
2729 	 611
2730 	 616
2731 	 626
2732 	 631
2733 	 636
2734 	 641
2735 	 646
2736 	 651
2737 	 661
2738 	 666
2739 	 671
2740 	 676
2741 	 681
2742 	 686
2743 	 691
2744 	 696
2745 	 701
2746 	 706
2747 	 711
2748 	 721
2749 	 726
2750 	 746
2751 	 751
2752 	 756
2753 	 761
2754 	 766
2755 	 771
2756 	 776
2757 	 781
2758 	 791
2759 	 801
2760 	 811
2761 	 821
2762 	 826
2763 	 831
2764 	 836
2765 	 841
2766 	 846
2767 	 856
2768 	 861
2769 	 866
2770 	 871
2771 	 876
2772 	 881
2773 	 901
2774 	 906
2775 	 916
2776 	 936
2777 	 941
2778 	 951
2779 	 961
2780 	 971
2781 	 976
2782 	 981
2783 	 986
2784 	 991
2785 	 2147483647
2786 	 2147483647
2787 	 2147483647
2788 	 2147483647
2789 	 2147483647
2790 	 344
2791 	 349
2792 	 354
2793 	 359
2794 	 364
2795 	 369
2796 	 374
2797 	 379
2798 	 384
2799 	 389
2800 	 394
2801 	 399
2802 	 404
2803 	 409
2804 	 414
2805 	 424
2806 	 429
2807 	 434
2808 	 439
2809 	 444
2810 	 449
2811 	 454
2812 	 459
2813 	 464
2814 	 474
2815 	 479
2816 	 484
2817 	 489
2818 	 494
2819 	 499
2820 	 509
2821 	 519
2822 	 524
2823 	 529
2824 	 534
2825 	 539
2826 	 544
2827 	 549
2828 	 554
2829 	 559
2830 	 564
2831 	 569
2832 	 574
2833 	 579
2834 	 584
2835 	 589
2836 	 599
2837 	 609
2838 	 614
2839 	 619
2840 	 624
2841 	 629
2842 	 634
2843 	 639
2844 	 659
2845 	 664
2846 	 674
2847 	 679
2848 	 684
2849 	 689
2850 	 694
2851 	 699
2852 	 704
2853 	 709
2854 	 714
2855 	 719
2856 	 724
2857 	 734
2858 	 739
2859 	 744
2860 	 749
2861 	 754
2862 	 759
2863 	 764
2864 	 769
2865 	 789
2866 	 794
2867 	 804
2868 	 814
2869 	 824
2870 	 834
2871 	 854
2872 	 859
2873 	 869
2874 	 874
2875 	 879
2876 	 884
2877 	 889
2878 	 894
2879 	 899
2880 	 904
2881 	 909
2882 	 914
2883 	 919
2884 	 929
2885 	 934
2886 	 939
2887 	 944
2888 	 949
2889 	 954
2890 	 964
2891 	 969
2892 	 974
2893 	 979
2894 	 984
2895 	 989
2896 	 994
2897 	 999
2898 	 1004
2899 	 2147483647
2900 	 2147483647
2901 	 2147483647
2902 	 2147483647
2903 	 2147483647
2904 	 2147483647
2905 	 2147483647
2906 	 2147483647
2907 	 357
2908 	 362
2909 	 367
2910 	 372
2911 	 377
2912 	 382
2913 	 387
2914 	 407
2915 	 412
2916 	 422
2917 	 427
2918 	 432
2919 	 437
2920 	 442
2921 	 447
2922 	 452
2923 	 457
2924 	 462
2925 	 467
2926 	 472
2927 	 477
2928 	 487
2929 	 507
2930 	 512
2931 	 522
2932 	 532
2933 	 552
2934 	 557
2935 	 567
2936 	 572
2937 	 577
2938 	 582
2939 	 587
2940 	 592
2941 	 597
2942 	 602
2943 	 607
2944 	 612
2945 	 617
2946 	 622
2947 	 627
2948 	 632
2949 	 637
2950 	 642
2951 	 647
2952 	 652
2953 	 657
2954 	 662
2955 	 667
2956 	 672
2957 	 677
2958 	 682
2959 	 687
2960 	 692
2961 	 697
2962 	 702
2963 	 707
2964 	 712
2965 	 717
2966 	 722
2967 	 727
2968 	 732
2969 	 737
2970 	 742
2971 	 747
2972 	 752
2973 	 762
2974 	 772
2975 	 777
2976 	 782
2977 	 787
2978 	 792
2979 	 797
2980 	 802
2981 	 807
2982 	 812
2983 	 817
2984 	 822
2985 	 827
2986 	 832
2987 	 837
2988 	 842
2989 	 847
2990 	 852
2991 	 857
2992 	 862
2993 	 867
2994 	 872
2995 	 877
2996 	 882
2997 	 887
2998 	 892
2999 	 897
3000 	 902
3001 	 907
3002 	 912
3003 	 917
3004 	 922
3005 	 932
3006 	 937
3007 	 942
3008 	 952
3009 	 957
3010 	 962
3011 	 967
3012 	 972
3013 	 977
3014 	 982
3015 	 987
3016 	 992
3017 	 997
3018 	 1002
3019 	 1012
3020 	 1017
3021 	 2147483647
3022 	 2147483647
3023 	 2147483647
3024 	 2147483647
3025 	 2147483647
3026 	 2147483647
3027 	 375
3028 	 380
3029 	 385
3030 	 390
3031 	 400
3032 	 405
3033 	 410
3034 	 415
3035 	 420
3036 	 425
3037 	 435
3038 	 440
3039 	 445
3040 	 450
3041 	 455
3042 	 460
3043 	 465
3044 	 470
3045 	 475
3046 	 480
3047 	 485
3048 	 490
3049 	 495
3050 	 500
3051 	 505
3052 	 510
3053 	 515
3054 	 520
3055 	 525
3056 	 530
3057 	 535
3058 	 540
3059 	 545
3060 	 550
3061 	 555
3062 	 560
3063 	 565
3064 	 570
3065 	 580
3066 	 585
3067 	 605
3068 	 610
3069 	 615
3070 	 620
3071 	 625
3072 	 630
3073 	 650
3074 	 655
3075 	 660
3076 	 665
3077 	 670
3078 	 675
3079 	 680
3080 	 685
3081 	 690
3082 	 695
3083 	 700
3084 	 705
3085 	 710
3086 	 715
3087 	 720
3088 	 725
3089 	 730
3090 	 735
3091 	 740
3092 	 745
3093 	 750
3094 	 755
3095 	 760
3096 	 765
3097 	 775
3098 	 785
3099 	 795
3100 	 815
3101 	 820
3102 	 825
3103 	 835
3104 	 840
3105 	 845
3106 	 865
3107 	 870
3108 	 875
3109 	 880
3110 	 885
3111 	 890
3112 	 895
3113 	 900
3114 	 905
3115 	 915
3116 	 920
3117 	 925
3118 	 930
3119 	 935
3120 	 945
3121 	 950
3122 	 955
3123 	 965
3124 	 985
3125 	 990
3126 	 995
3127 	 1000
3128 	 1005
3129 	 1010
3130 	 1015
3131 	 1025
3132 	 1030
3133 	 2147483647
3134 	 2147483647
3135 	 2147483647
3136 	 2147483647
3137 	 2147483647
3138 	 2147483647
3139 	 2147483647
3140 	 2147483647
3141 	 2147483647
3142 	 2147483647
3143 	 388
3144 	 393
3145 	 398
3146 	 403
3147 	 413
3148 	 418
3149 	 423
3150 	 428
3151 	 433
3152 	 438
3153 	 443
3154 	 448
3155 	 453
3156 	 458
3157 	 463
3158 	 468
3159 	 473
3160 	 478
3161 	 483
3162 	 488
3163 	 493
3164 	 498
3165 	 503
3166 	 508
3167 	 513
3168 	 518
3169 	 523
3170 	 533
3171 	 538
3172 	 543
3173 	 548
3174 	 553
3175 	 558
3176 	 563
3177 	 568
3178 	 573
3179 	 578
3180 	 583
3181 	 588
3182 	 593
3183 	 598
3184 	 603
3185 	 608
3186 	 613
3187 	 618
3188 	 623
3189 	 643
3190 	 648
3191 	 653
3192 	 658
3193 	 663
3194 	 668
3195 	 678
3196 	 683
3197 	 688
3198 	 693
3199 	 698
3200 	 703
3201 	 708
3202 	 718
3203 	 723
3204 	 728
3205 	 733
3206 	 738
3207 	 743
3208 	 748
3209 	 753
3210 	 758
3211 	 763
3212 	 768
3213 	 773
3214 	 778
3215 	 783
3216 	 788
3217 	 793
3218 	 798
3219 	 808
3220 	 813
3221 	 818
3222 	 823
3223 	 828
3224 	 833
3225 	 838
3226 	 848
3227 	 858
3228 	 863
3229 	 868
3230 	 873
3231 	 878
3232 	 883
3233 	 888
3234 	 893
3235 	 898
3236 	 903
3237 	 908
3238 	 913
3239 	 918
3240 	 928
3241 	 948
3242 	 953
3243 	 958
3244 	 968
3245 	 973
3246 	 978
3247 	 983
3248 	 988
3249 	 993
3250 	 998
3251 	 1003
3252 	 1013
3253 	 1018
3254 	 1023
3255 	 1028
3256 	 1033
3257 	 1038
3258 	 1043
3259 	 2147483647
3260 	 2147483647
3261 	 2147483647
3262 	 2147483647
3263 	 2147483647
3264 	 2147483647
3265 	 2147483647
3266 	 2147483647
3267 	 2147483647
3268 	 2147483647
3269 	 401
3270 	 406
3271 	 411
3272 	 416
3273 	 421
3274 	 426
3275 	 431
3276 	 436
3277 	 441
3278 	 446
3279 	 451
3280 	 456
3281 	 461
3282 	 466
3283 	 471
3284 	 476
3285 	 481
3286 	 486
3287 	 491
3288 	 496
3289 	 501
3290 	 506
3291 	 511
3292 	 516
3293 	 521
3294 	 526
3295 	 531
3296 	 536
3297 	 546
3298 	 551
3299 	 556
3300 	 561
3301 	 566
3302 	 571
3303 	 576
3304 	 581
3305 	 586
3306 	 591
3307 	 596
3308 	 606
3309 	 611
3310 	 616
3311 	 621
3312 	 626
3313 	 631
3314 	 636
3315 	 641
3316 	 646
3317 	 651
3318 	 656
3319 	 661
3320 	 666
3321 	 671
3322 	 676
3323 	 681
3324 	 691
3325 	 701
3326 	 706
3327 	 711
3328 	 716
3329 	 721
3330 	 731
3331 	 736
3332 	 741
3333 	 746
3334 	 751
3335 	 756
3336 	 761
3337 	 766
3338 	 771
3339 	 776
3340 	 781
3341 	 786
3342 	 791
3343 	 796
3344 	 801
3345 	 806
3346 	 811
3347 	 816
3348 	 821
3349 	 826
3350 	 831
3351 	 836
3352 	 841
3353 	 851
3354 	 856
3355 	 861
3356 	 871
3357 	 876
3358 	 881
3359 	 886
3360 	 891
3361 	 896
3362 	 901
3363 	 906
3364 	 916
3365 	 921
3366 	 926
3367 	 931
3368 	 936
3369 	 941
3370 	 946
3371 	 951
3372 	 956
3373 	 961
3374 	 966
3375 	 971
3376 	 981
3377 	 986
3378 	 991
3379 	 996
3380 	 1001
3381 	 1006
3382 	 1016
3383 	 1026
3384 	 1031
3385 	 1036
3386 	 1041
3387 	 2147483647
3388 	 2147483647
3389 	 2147483647
3390 	 2147483647
3391 	 2147483647
3392 	 2147483647
3393 	 2147483647
3394 	 2147483647
3395 	 2147483647
3396 	 414
3397 	 419
3398 	 424
3399 	 429
3400 	 434
3401 	 439
3402 	 444
3403 	 449
3404 	 454
3405 	 459
3406 	 464
3407 	 469
3408 	 474
3409 	 479
3410 	 484
3411 	 489
3412 	 494
3413 	 499
3414 	 504
3415 	 509
3416 	 514
3417 	 534
3418 	 539
3419 	 549
3420 	 554
3421 	 559
3422 	 564
3423 	 569
3424 	 574
3425 	 579
3426 	 584
3427 	 589
3428 	 594
3429 	 599
3430 	 604
3431 	 609
3432 	 619
3433 	 629
3434 	 634
3435 	 639
3436 	 644
3437 	 649
3438 	 659
3439 	 669
3440 	 689
3441 	 694
3442 	 699
3443 	 704
3444 	 714
3445 	 719
3446 	 724
3447 	 729
3448 	 734
3449 	 739
3450 	 744
3451 	 749
3452 	 754
3453 	 759
3454 	 764
3455 	 769
3456 	 774
3457 	 779
3458 	 784
3459 	 789
3460 	 794
3461 	 799
3462 	 804
3463 	 814
3464 	 819
3465 	 824
3466 	 829
3467 	 834
3468 	 844
3469 	 849
3470 	 854
3471 	 864
3472 	 869
3473 	 874
3474 	 879
3475 	 884
3476 	 904
3477 	 909
3478 	 919
3479 	 929
3480 	 939
3481 	 944
3482 	 949
3483 	 954
3484 	 964
3485 	 969
3486 	 974
3487 	 979
3488 	 984
3489 	 989
3490 	 994
3491 	 999
3492 	 1004
3493 	 1009
3494 	 1014
3495 	 1019
3496 	 1029
3497 	 1034
3498 	 1039
3499 	 1044
3500 	 1049
3501 	 1054
3502 	 1059
3503 	 1064
3504 	 1069
3505 	 2147483647
3506 	 2147483647
3507 	 2147483647
3508 	 2147483647
3509 	 2147483647
3510 	 2147483647
3511 	 2147483647
3512 	 2147483647
3513 	 2147483647
3514 	 2147483647
3515 	 432
3516 	 437
3517 	 442
3518 	 447
3519 	 452
3520 	 457
3521 	 462
3522 	 467
3523 	 472
3524 	 477
3525 	 482
3526 	 487
3527 	 492
3528 	 497
3529 	 502
3530 	 507
3531 	 512
3532 	 517
3533 	 522
3534 	 527
3535 	 532
3536 	 537
3537 	 542
3538 	 547
3539 	 552
3540 	 562
3541 	 567
3542 	 572
3543 	 577
3544 	 582
3545 	 587
3546 	 607
3547 	 612
3548 	 617
3549 	 622
3550 	 627
3551 	 632
3552 	 642
3553 	 647
3554 	 652
3555 	 657
3556 	 662
3557 	 672
3558 	 682
3559 	 687
3560 	 692
3561 	 697
3562 	 702
3563 	 707
3564 	 712
3565 	 717
3566 	 722
3567 	 727
3568 	 737
3569 	 742
3570 	 747
3571 	 752
3572 	 757
3573 	 762
3574 	 767
3575 	 772
3576 	 777
3577 	 782
3578 	 787
3579 	 792
3580 	 797
3581 	 802
3582 	 807
3583 	 812
3584 	 817
3585 	 827
3586 	 832
3587 	 837
3588 	 847
3589 	 857
3590 	 862
3591 	 867
3592 	 872
3593 	 877
3594 	 882
3595 	 892
3596 	 897
3597 	 902
3598 	 907
3599 	 912
3600 	 917
3601 	 922
3602 	 932
3603 	 937
3604 	 942
3605 	 952
3606 	 957
3607 	 967
3608 	 977
3609 	 987
3610 	 992
3611 	 997
3612 	 1002
3613 	 1007
3614 	 1012
3615 	 1017
3616 	 1022
3617 	 1027
3618 	 1032
3619 	 1037
3620 	 1042
3621 	 1052
3622 	 1057
3623 	 1062
3624 	 1067
3625 	 1072
3626 	 1077
3627 	 1082
3628 	 2147483647
3629 	 2147483647
3630 	 2147483647
3631 	 2147483647
3632 	 2147483647
3633 	 2147483647
3634 	 2147483647
3635 	 2147483647
3636 	 2147483647
3637 	 2147483647
3638 	 2147483647
3639 	 445
3640 	 450
3641 	 455
3642 	 460
3643 	 465
3644 	 470
3645 	 475
3646 	 480
3647 	 485
3648 	 490
3649 	 495
3650 	 500
3651 	 505
3652 	 510
3653 	 515
3654 	 520
3655 	 525
3656 	 530
3657 	 535
3658 	 540
3659 	 545
3660 	 550
3661 	 555
3662 	 560
3663 	 565
3664 	 570
3665 	 575
3666 	 580
3667 	 585
3668 	 590
3669 	 595
3670 	 600
3671 	 605
3672 	 610
3673 	 615
3674 	 620
3675 	 625
3676 	 630
3677 	 635
3678 	 640
3679 	 645
3680 	 650
3681 	 655
3682 	 660
3683 	 665
3684 	 670
3685 	 675
3686 	 680
3687 	 685
3688 	 690
3689 	 695
3690 	 705
3691 	 710
3692 	 715
3693 	 720
3694 	 725
3695 	 730
3696 	 735
3697 	 740
3698 	 750
3699 	 755
3700 	 760
3701 	 765
3702 	 770
3703 	 775
3704 	 780
3705 	 785
3706 	 790
3707 	 795
3708 	 800
3709 	 805
3710 	 810
3711 	 815
3712 	 820
3713 	 825
3714 	 830
3715 	 835
3716 	 840
3717 	 845
3718 	 850
3719 	 860
3720 	 865
3721 	 870
3722 	 875
3723 	 880
3724 	 890
3725 	 895
3726 	 905
3727 	 925
3728 	 930
3729 	 935
3730 	 940
3731 	 945
3732 	 950
3733 	 955
3734 	 960
3735 	 965
3736 	 970
3737 	 980
3738 	 985
3739 	 990
3740 	 1000
3741 	 1020
3742 	 1025
3743 	 1035
3744 	 1040
3745 	 1045
3746 	 1050
3747 	 1055
3748 	 1065
3749 	 1070
3750 	 1075
3751 	 1080
3752 	 1085
3753 	 1090
3754 	 1095
3755 	 2147483647
3756 	 2147483647
3757 	 2147483647
3758 	 2147483647
3759 	 2147483647
3760 	 2147483647
3761 	 2147483647
3762 	 2147483647
3763 	 2147483647
3764 	 2147483647
3765 	 2147483647
3766 	 468
3767 	 473
3768 	 478
3769 	 483
3770 	 488
3771 	 493
3772 	 498
3773 	 503
3774 	 508
3775 	 513
3776 	 518
3777 	 523
3778 	 528
3779 	 533
3780 	 538
3781 	 543
3782 	 548
3783 	 553
3784 	 558
3785 	 563
3786 	 568
3787 	 573
3788 	 578
3789 	 588
3790 	 593
3791 	 598
3792 	 603
3793 	 608
3794 	 613
3795 	 618
3796 	 623
3797 	 628
3798 	 633
3799 	 638
3800 	 643
3801 	 648
3802 	 658
3803 	 663
3804 	 668
3805 	 673
3806 	 683
3807 	 688
3808 	 693
3809 	 698
3810 	 703
3811 	 708
3812 	 718
3813 	 723
3814 	 728
3815 	 733
3816 	 738
3817 	 743
3818 	 748
3819 	 753
3820 	 758
3821 	 763
3822 	 768
3823 	 778
3824 	 783
3825 	 788
3826 	 798
3827 	 803
3828 	 808
3829 	 813
3830 	 818
3831 	 823
3832 	 828
3833 	 833
3834 	 838
3835 	 858
3836 	 863
3837 	 868
3838 	 873
3839 	 878
3840 	 883
3841 	 888
3842 	 893
3843 	 903
3844 	 908
3845 	 913
3846 	 918
3847 	 923
3848 	 928
3849 	 933
3850 	 938
3851 	 943
3852 	 948
3853 	 968
3854 	 973
3855 	 978
3856 	 983
3857 	 988
3858 	 993
3859 	 998
3860 	 1003
3861 	 1008
3862 	 1013
3863 	 1018
3864 	 1023
3865 	 1028
3866 	 1033
3867 	 1038
3868 	 1048
3869 	 1068
3870 	 1073
3871 	 1078
3872 	 1088
3873 	 1093
3874 	 1098
3875 	 1103
3876 	 1108
3877 	 2147483647
3878 	 2147483647
3879 	 2147483647
3880 	 2147483647
3881 	 2147483647
3882 	 2147483647
3883 	 2147483647
3884 	 2147483647
3885 	 2147483647
3886 	 2147483647
3887 	 2147483647
3888 	 2147483647
3889 	 2147483647
3890 	 481
3891 	 486
3892 	 491
3893 	 496
3894 	 501
3895 	 506
3896 	 511
3897 	 516
3898 	 521
3899 	 526
3900 	 531
3901 	 536
3902 	 541
3903 	 546
3904 	 551
3905 	 556
3906 	 561
3907 	 566
3908 	 571
3909 	 576
3910 	 581
3911 	 586
3912 	 591
3913 	 601
3914 	 606
3915 	 611
3916 	 631
3917 	 636
3918 	 641
3919 	 646
3920 	 651
3921 	 656
3922 	 661
3923 	 671
3924 	 676
3925 	 681
3926 	 686
3927 	 696
3928 	 701
3929 	 711
3930 	 716
3931 	 721
3932 	 726
3933 	 731
3934 	 736
3935 	 741
3936 	 746
3937 	 751
3938 	 756
3939 	 776
3940 	 781
3941 	 791
3942 	 796
3943 	 801
3944 	 811
3945 	 816
3946 	 821
3947 	 826
3948 	 836
3949 	 841
3950 	 846
3951 	 851
3952 	 856
3953 	 861
3954 	 866
3955 	 871
3956 	 876
3957 	 881
3958 	 886
3959 	 891
3960 	 896
3961 	 901
3962 	 906
3963 	 911
3964 	 916
3965 	 921
3966 	 926
3967 	 931
3968 	 936
3969 	 941
3970 	 946
3971 	 951
3972 	 956
3973 	 961
3974 	 966
3975 	 971
3976 	 976
3977 	 981
3978 	 986
3979 	 991
3980 	 996
3981 	 1001
3982 	 1006
3983 	 1011
3984 	 1016
3985 	 1021
3986 	 1026
3987 	 1031
3988 	 1036
3989 	 1041
3990 	 1046
3991 	 1051
3992 	 1056
3993 	 1061
3994 	 1066
3995 	 1071
3996 	 1076
3997 	 1081
3998 	 1086
3999 	 1091
4000 	 1101
4001 	 1106
4002 	 1111
4003 	 1116
4004 	 1121
4005 	 2147483647
4006 	 2147483647
4007 	 2147483647
4008 	 2147483647
4009 	 2147483647
4010 	 2147483647
4011 	 2147483647
4012 	 2147483647
4013 	 2147483647
4014 	 2147483647
4015 	 2147483647
4016 	 494
4017 	 499
4018 	 504
4019 	 509
4020 	 514
4021 	 519
4022 	 524
4023 	 534
4024 	 539
4025 	 544
4026 	 549
4027 	 554
4028 	 559
4029 	 564
4030 	 574
4031 	 584
4032 	 594
4033 	 599
4034 	 604
4035 	 609
4036 	 614
4037 	 624
4038 	 629
4039 	 634
4040 	 639
4041 	 644
4042 	 654
4043 	 659
4044 	 664
4045 	 674
4046 	 679
4047 	 684
4048 	 689
4049 	 694
4050 	 699
4051 	 704
4052 	 709
4053 	 714
4054 	 724
4055 	 729
4056 	 734
4057 	 739
4058 	 744
4059 	 749
4060 	 759
4061 	 764
4062 	 769
4063 	 774
4064 	 779
4065 	 784
4066 	 789
4067 	 794
4068 	 799
4069 	 804
4070 	 809
4071 	 814
4072 	 819
4073 	 824
4074 	 829
4075 	 834
4076 	 839
4077 	 849
4078 	 854
4079 	 859
4080 	 864
4081 	 869
4082 	 874
4083 	 884
4084 	 889
4085 	 894
4086 	 904
4087 	 914
4088 	 919
4089 	 929
4090 	 934
4091 	 939
4092 	 949
4093 	 954
4094 	 959
4095 	 964
4096 	 969
4097 	 974
4098 	 979
4099 	 989
4100 	 994
4101 	 999
4102 	 1004
4103 	 1009
4104 	 1014
4105 	 1019
4106 	 1024
4107 	 1029
4108 	 1034
4109 	 1054
4110 	 1059
4111 	 1069
4112 	 1074
4113 	 1079
4114 	 1084
4115 	 1089
4116 	 1094
4117 	 1099
4118 	 1104
4119 	 1109
4120 	 1114
4121 	 1119
4122 	 1129
4123 	 1134
4124 	 2147483647
4125 	 2147483647
4126 	 2147483647
4127 	 2147483647
4128 	 2147483647
4129 	 2147483647
4130 	 2147483647
4131 	 2147483647
4132 	 2147483647
4133 	 2147483647
4134 	 2147483647
4135 	 2147483647
4136 	 512
4137 	 517
4138 	 522
4139 	 527
4140 	 532
4141 	 537
4142 	 547
4143 	 552
4144 	 557
4145 	 562
4146 	 567
4147 	 572
4148 	 577
4149 	 587
4150 	 597
4151 	 607
4152 	 617
4153 	 627
4154 	 637
4155 	 642
4156 	 647
4157 	 652
4158 	 657
4159 	 667
4160 	 677
4161 	 687
4162 	 692
4163 	 697
4164 	 702
4165 	 707
4166 	 712
4167 	 717
4168 	 722
4169 	 727
4170 	 732
4171 	 737
4172 	 742
4173 	 747
4174 	 752
4175 	 757
4176 	 762
4177 	 772
4178 	 777
4179 	 782
4180 	 787
4181 	 807
4182 	 812
4183 	 822
4184 	 827
4185 	 832
4186 	 837
4187 	 842
4188 	 852
4189 	 857
4190 	 862
4191 	 867
4192 	 872
4193 	 877
4194 	 887
4195 	 897
4196 	 907
4197 	 917
4198 	 927
4199 	 932
4200 	 942
4201 	 952
4202 	 962
4203 	 967
4204 	 972
4205 	 977
4206 	 982
4207 	 987
4208 	 992
4209 	 1002
4210 	 1012
4211 	 1017
4212 	 1022
4213 	 1027
4214 	 1032
4215 	 1037
4216 	 1042
4217 	 1047
4218 	 1052
4219 	 1057
4220 	 1062
4221 	 1067
4222 	 1072
4223 	 1082
4224 	 1092
4225 	 1102
4226 	 1107
4227 	 1112
4228 	 1117
4229 	 1122
4230 	 1132
4231 	 1142
4232 	 2147483647
4233 	 2147483647
4234 	 2147483647
4235 	 2147483647
4236 	 2147483647
4237 	 2147483647
4238 	 2147483647
4239 	 2147483647
4240 	 2147483647
4241 	 2147483647
4242 	 2147483647
4243 	 2147483647
4244 	 2147483647
4245 	 2147483647
4246 	 530
4247 	 540
4248 	 550
4249 	 555
4250 	 560
4251 	 565
4252 	 570
4253 	 575
4254 	 580
4255 	 585
4256 	 590
4257 	 595
4258 	 600
4259 	 605
4260 	 610
4261 	 615
4262 	 620
4263 	 630
4264 	 640
4265 	 645
4266 	 650
4267 	 655
4268 	 660
4269 	 665
4270 	 670
4271 	 675
4272 	 680
4273 	 690
4274 	 695
4275 	 700
4276 	 705
4277 	 710
4278 	 720
4279 	 725
4280 	 730
4281 	 735
4282 	 740
4283 	 745
4284 	 750
4285 	 755
4286 	 760
4287 	 765
4288 	 770
4289 	 775
4290 	 780
4291 	 785
4292 	 790
4293 	 795
4294 	 800
4295 	 805
4296 	 810
4297 	 815
4298 	 820
4299 	 825
4300 	 835
4301 	 840
4302 	 845
4303 	 850
4304 	 855
4305 	 865
4306 	 870
4307 	 875
4308 	 880
4309 	 885
4310 	 890
4311 	 900
4312 	 905
4313 	 910
4314 	 920
4315 	 925
4316 	 930
4317 	 935
4318 	 940
4319 	 945
4320 	 950
4321 	 955
4322 	 965
4323 	 970
4324 	 975
4325 	 995
4326 	 1000
4327 	 1005
4328 	 1010
4329 	 1015
4330 	 1025
4331 	 1030
4332 	 1035
4333 	 1040
4334 	 1045
4335 	 1050
4336 	 1055
4337 	 1065
4338 	 1070
4339 	 1080
4340 	 1085
4341 	 1090
4342 	 1095
4343 	 1105
4344 	 1115
4345 	 1125
4346 	 1135
4347 	 1145
4348 	 1150
4349 	 1155
4350 	 2147483647
4351 	 2147483647
4352 	 2147483647
4353 	 2147483647
4354 	 2147483647
4355 	 2147483647
4356 	 2147483647
4357 	 2147483647
4358 	 2147483647
4359 	 2147483647
4360 	 2147483647
4361 	 2147483647
4362 	 2147483647
4363 	 2147483647
4364 	 543
4365 	 553
4366 	 563
4367 	 568
4368 	 573
4369 	 578
4370 	 583
4371 	 588
4372 	 593
4373 	 598
4374 	 603
4375 	 608
4376 	 613
4377 	 618
4378 	 623
4379 	 628
4380 	 633
4381 	 638
4382 	 643
4383 	 648
4384 	 653
4385 	 658
4386 	 678
4387 	 683
4388 	 693
4389 	 698
4390 	 703
4391 	 708
4392 	 713
4393 	 718
4394 	 723
4395 	 733
4396 	 738
4397 	 743
4398 	 748
4399 	 753
4400 	 758
4401 	 763
4402 	 768
4403 	 778
4404 	 788
4405 	 793
4406 	 798
4407 	 808
4408 	 813
4409 	 833
4410 	 838
4411 	 843
4412 	 848
4413 	 853
4414 	 858
4415 	 863
4416 	 868
4417 	 873
4418 	 878
4419 	 883
4420 	 888
4421 	 893
4422 	 898
4423 	 903
4424 	 908
4425 	 913
4426 	 918
4427 	 923
4428 	 928
4429 	 933
4430 	 938
4431 	 943
4432 	 963
4433 	 968
4434 	 973
4435 	 978
4436 	 983
4437 	 988
4438 	 993
4439 	 998
4440 	 1003
4441 	 1008
4442 	 1013
4443 	 1023
4444 	 1028
4445 	 1033
4446 	 1038
4447 	 1043
4448 	 1053
4449 	 1058
4450 	 1063
4451 	 1068
4452 	 1078
4453 	 1083
4454 	 1093
4455 	 1098
4456 	 1103
4457 	 1108
4458 	 1113
4459 	 1118
4460 	 1123
4461 	 1128
4462 	 1138
4463 	 1148
4464 	 1153
4465 	 1158
4466 	 1163
4467 	 1168
4468 	 1173
4469 	 2147483647
4470 	 2147483647
4471 	 2147483647
4472 	 2147483647
4473 	 2147483647
4474 	 2147483647
4475 	 2147483647
4476 	 2147483647
4477 	 2147483647
4478 	 2147483647
4479 	 2147483647
4480 	 2147483647
4481 	 2147483647
4482 	 2147483647
4483 	 2147483647
4484 	 556
4485 	 561
4486 	 566
4487 	 571
4488 	 576
4489 	 581
4490 	 586
4491 	 591
4492 	 596
4493 	 601
4494 	 606
4495 	 616
4496 	 621
4497 	 626
4498 	 646
4499 	 651
4500 	 656
4501 	 661
4502 	 666
4503 	 671
4504 	 676
4505 	 681
4506 	 686
4507 	 691
4508 	 696
4509 	 706
4510 	 716
4511 	 721
4512 	 726
4513 	 731
4514 	 736
4515 	 741
4516 	 746
4517 	 766
4518 	 771
4519 	 781
4520 	 791
4521 	 801
4522 	 806
4523 	 811
4524 	 821
4525 	 826
4526 	 831
4527 	 836
4528 	 841
4529 	 846
4530 	 851
4531 	 856
4532 	 861
4533 	 866
4534 	 871
4535 	 876
4536 	 881
4537 	 886
4538 	 891
4539 	 896
4540 	 901
4541 	 906
4542 	 911
4543 	 916
4544 	 921
4545 	 926
4546 	 946
4547 	 951
4548 	 956
4549 	 961
4550 	 966
4551 	 971
4552 	 976
4553 	 981
4554 	 986
4555 	 991
4556 	 996
4557 	 1001
4558 	 1006
4559 	 1011
4560 	 1016
4561 	 1021
4562 	 1026
4563 	 1036
4564 	 1041
4565 	 1046
4566 	 1051
4567 	 1056
4568 	 1066
4569 	 1071
4570 	 1076
4571 	 1081
4572 	 1086
4573 	 1091
4574 	 1096
4575 	 1101
4576 	 1106
4577 	 1116
4578 	 1121
4579 	 1126
4580 	 1131
4581 	 1136
4582 	 1141
4583 	 1146
4584 	 1151
4585 	 1156
4586 	 1161
4587 	 1171
4588 	 1176
4589 	 1181
4590 	 1186
4591 	 2147483647
4592 	 2147483647
4593 	 2147483647
4594 	 2147483647
4595 	 2147483647
4596 	 2147483647
4597 	 2147483647
4598 	 2147483647
4599 	 2147483647
4600 	 2147483647
4601 	 2147483647
4602 	 2147483647
4603 	 2147483647
4604 	 2147483647
4605 	 584
4606 	 589
4607 	 594
4608 	 599
4609 	 604
4610 	 609
4611 	 614
4612 	 619
4613 	 629
4614 	 639
4615 	 644
4616 	 649
4617 	 654
4618 	 659
4619 	 664
4620 	 669
4621 	 679
4622 	 684
4623 	 689
4624 	 694
4625 	 699
4626 	 704
4627 	 709
4628 	 714
4629 	 719
4630 	 729
4631 	 739
4632 	 744
4633 	 749
4634 	 754
4635 	 759
4636 	 764
4637 	 769
4638 	 774
4639 	 779
4640 	 784
4641 	 794
4642 	 799
4643 	 804
4644 	 809
4645 	 814
4646 	 819
4647 	 824
4648 	 829
4649 	 834
4650 	 839
4651 	 844
4652 	 849
4653 	 859
4654 	 864
4655 	 869
4656 	 874
4657 	 879
4658 	 884
4659 	 894
4660 	 904
4661 	 909
4662 	 919
4663 	 924
4664 	 929
4665 	 939
4666 	 944
4667 	 949
4668 	 954
4669 	 959
4670 	 964
4671 	 969
4672 	 974
4673 	 979
4674 	 984
4675 	 989
4676 	 994
4677 	 1004
4678 	 1009
4679 	 1014
4680 	 1019
4681 	 1024
4682 	 1029
4683 	 1034
4684 	 1039
4685 	 1044
4686 	 1049
4687 	 1054
4688 	 1059
4689 	 1064
4690 	 1069
4691 	 1074
4692 	 1079
4693 	 1084
4694 	 1089
4695 	 1094
4696 	 1099
4697 	 1104
4698 	 1109
4699 	 1119
4700 	 1129
4701 	 1134
4702 	 1139
4703 	 1144
4704 	 1149
4705 	 1154
4706 	 1159
4707 	 1164
4708 	 1169
4709 	 1174
4710 	 1184
4711 	 1189
4712 	 1194
4713 	 1199
4714 	 2147483647
4715 	 2147483647
4716 	 2147483647
4717 	 2147483647
4718 	 2147483647
4719 	 2147483647
4720 	 2147483647
4721 	 2147483647
4722 	 2147483647
4723 	 2147483647
4724 	 2147483647
4725 	 2147483647
4726 	 2147483647
4727 	 2147483647
4728 	 2147483647
4729 	 2147483647
4730 	 597
4731 	 602
4732 	 607
4733 	 612
4734 	 622
4735 	 627
4736 	 632
4737 	 637
4738 	 642
4739 	 652
4740 	 657
4741 	 662
4742 	 667
4743 	 672
4744 	 677
4745 	 682
4746 	 692
4747 	 712
4748 	 717
4749 	 722
4750 	 727
4751 	 732
4752 	 737
4753 	 742
4754 	 752
4755 	 757
4756 	 762
4757 	 767
4758 	 772
4759 	 777
4760 	 782
4761 	 787
4762 	 792
4763 	 797
4764 	 802
4765 	 807
4766 	 812
4767 	 817
4768 	 837
4769 	 842
4770 	 847
4771 	 852
4772 	 857
4773 	 862
4774 	 872
4775 	 877
4776 	 882
4777 	 887
4778 	 892
4779 	 897
4780 	 907
4781 	 917
4782 	 922
4783 	 932
4784 	 942
4785 	 952
4786 	 957
4787 	 962
4788 	 967
4789 	 972
4790 	 977
4791 	 982
4792 	 987
4793 	 992
4794 	 997
4795 	 1002
4796 	 1007
4797 	 1017
4798 	 1022
4799 	 1027
4800 	 1032
4801 	 1052
4802 	 1057
4803 	 1062
4804 	 1067
4805 	 1072
4806 	 1077
4807 	 1082
4808 	 1087
4809 	 1092
4810 	 1097
4811 	 1102
4812 	 1107
4813 	 1112
4814 	 1117
4815 	 1122
4816 	 1132
4817 	 1137
4818 	 1142
4819 	 1147
4820 	 1152
4821 	 1157
4822 	 1167
4823 	 1172
4824 	 1177
4825 	 1182
4826 	 1187
4827 	 1192
4828 	 1197
4829 	 1202
4830 	 1207
4831 	 2147483647
4832 	 2147483647
4833 	 2147483647
4834 	 2147483647
4835 	 2147483647
4836 	 2147483647
4837 	 2147483647
4838 	 2147483647
4839 	 2147483647
4840 	 2147483647
4841 	 2147483647
4842 	 2147483647
4843 	 2147483647
4844 	 2147483647
4845 	 2147483647
4846 	 2147483647
4847 	 2147483647
4848 	 2147483647
4849 	 615
4850 	 620
4851 	 625
4852 	 635
4853 	 640
4854 	 645
4855 	 650
4856 	 655
4857 	 660
4858 	 665
4859 	 670
4860 	 675
4861 	 680
4862 	 685
4863 	 690
4864 	 695
4865 	 700
4866 	 705
4867 	 710
4868 	 715
4869 	 720
4870 	 725
4871 	 730
4872 	 735
4873 	 740
4874 	 750
4875 	 755
4876 	 760
4877 	 765
4878 	 770
4879 	 775
4880 	 780
4881 	 785
4882 	 805
4883 	 810
4884 	 815
4885 	 820
4886 	 825
4887 	 830
4888 	 835
4889 	 840
4890 	 845
4891 	 850
4892 	 855
4893 	 860
4894 	 865
4895 	 870
4896 	 875
4897 	 880
4898 	 885
4899 	 895
4900 	 900
4901 	 905
4902 	 910
4903 	 915
4904 	 920
4905 	 925
4906 	 930
4907 	 935
4908 	 940
4909 	 945
4910 	 955
4911 	 960
4912 	 965
4913 	 970
4914 	 975
4915 	 980
4916 	 985
4917 	 990
4918 	 995
4919 	 1000
4920 	 1005
4921 	 1010
4922 	 1015
4923 	 1020
4924 	 1025
4925 	 1030
4926 	 1035
4927 	 1040
4928 	 1045
4929 	 1050
4930 	 1055
4931 	 1060
4932 	 1065
4933 	 1070
4934 	 1075
4935 	 1080
4936 	 1085
4937 	 1090
4938 	 1095
4939 	 1100
4940 	 1110
4941 	 1115
4942 	 1120
4943 	 1125
4944 	 1130
4945 	 1135
4946 	 1140
4947 	 1145
4948 	 1165
4949 	 1170
4950 	 1180
4951 	 1185
4952 	 1195
4953 	 1215
4954 	 1220
4955 	 2147483647
4956 	 2147483647
4957 	 2147483647
4958 	 2147483647
4959 	 2147483647
4960 	 2147483647
4961 	 2147483647
4962 	 2147483647
4963 	 2147483647
4964 	 2147483647
4965 	 2147483647
4966 	 2147483647
4967 	 2147483647
4968 	 633
4969 	 638
4970 	 643
4971 	 648
4972 	 653
4973 	 658
4974 	 663
4975 	 668
4976 	 673
4977 	 678
4978 	 683
4979 	 688
4980 	 693
4981 	 698
4982 	 708
4983 	 713
4984 	 718
4985 	 723
4986 	 728
4987 	 733
4988 	 738
4989 	 743
4990 	 748
4991 	 753
4992 	 763
4993 	 783
4994 	 788
4995 	 793
4996 	 798
4997 	 803
4998 	 808
4999 	 813
5000 	 818
5001 	 823
5002 	 828
5003 	 833
5004 	 838
5005 	 843
5006 	 848
5007 	 853
5008 	 858
5009 	 863
5010 	 868
5011 	 873
5012 	 878
5013 	 883
5014 	 888
5015 	 898
5016 	 908
5017 	 913
5018 	 918
5019 	 923
5020 	 928
5021 	 933
5022 	 943
5023 	 948
5024 	 953
5025 	 958
5026 	 963
5027 	 968
5028 	 973
5029 	 978
5030 	 983
5031 	 988
5032 	 993
5033 	 998
5034 	 1003
5035 	 1008
5036 	 1013
5037 	 1023
5038 	 1028
5039 	 1033
5040 	 1038
5041 	 1043
5042 	 1048
5043 	 1053
5044 	 1058
5045 	 1063
5046 	 1068
5047 	 1073
5048 	 1078
5049 	 1083
5050 	 1088
5051 	 1093
5052 	 1098
5053 	 1103
5054 	 1108
5055 	 1113
5056 	 1123
5057 	 1128
5058 	 1133
5059 	 1138
5060 	 1143
5061 	 1148
5062 	 1158
5063 	 1163
5064 	 1168
5065 	 1173
5066 	 1178
5067 	 1183
5068 	 1188
5069 	 1193
5070 	 1198
5071 	 1208
5072 	 1213
5073 	 1218
5074 	 1223
5075 	 1228
5076 	 1233
5077 	 1238
5078 	 2147483647
5079 	 2147483647
5080 	 2147483647
5081 	 2147483647
5082 	 2147483647
5083 	 2147483647
5084 	 2147483647
5085 	 2147483647
5086 	 2147483647
5087 	 2147483647
5088 	 2147483647
5089 	 2147483647
5090 	 2147483647
5091 	 2147483647
5092 	 2147483647
5093 	 2147483647
5094 	 2147483647
5095 	 2147483647
5096 	 646
5097 	 666
5098 	 671
5099 	 681
5100 	 691
5101 	 696
5102 	 701
5103 	 706
5104 	 711
5105 	 721
5106 	 741
5107 	 746
5108 	 751
5109 	 756
5110 	 761
5111 	 766
5112 	 771
5113 	 776
5114 	 781
5115 	 786
5116 	 791
5117 	 796
5118 	 801
5119 	 811
5120 	 816
5121 	 826
5122 	 836
5123 	 846
5124 	 856
5125 	 861
5126 	 871
5127 	 876
5128 	 881
5129 	 886
5130 	 891
5131 	 896
5132 	 901
5133 	 911
5134 	 916
5135 	 921
5136 	 926
5137 	 931
5138 	 936
5139 	 941
5140 	 946
5141 	 956
5142 	 961
5143 	 966
5144 	 971
5145 	 976
5146 	 981
5147 	 986
5148 	 991
5149 	 996
5150 	 1001
5151 	 1006
5152 	 1011
5153 	 1016
5154 	 1021
5155 	 1026
5156 	 1036
5157 	 1041
5158 	 1046
5159 	 1051
5160 	 1056
5161 	 1061
5162 	 1066
5163 	 1071
5164 	 1076
5165 	 1081
5166 	 1086
5167 	 1091
5168 	 1096
5169 	 1101
5170 	 1106
5171 	 1111
5172 	 1116
5173 	 1121
5174 	 1126
5175 	 1131
5176 	 1136
5177 	 1141
5178 	 1146
5179 	 1151
5180 	 1156
5181 	 1161
5182 	 1171
5183 	 1176
5184 	 1196
5185 	 1201
5186 	 1206
5187 	 1211
5188 	 1216
5189 	 1221
5190 	 1226
5191 	 1231
5192 	 1236
5193 	 1241
5194 	 1246
5195 	 1251
5196 	 2147483647
5197 	 2147483647
5198 	 2147483647
5199 	 2147483647
5200 	 2147483647
5201 	 2147483647
5202 	 2147483647
5203 	 2147483647
5204 	 2147483647
5205 	 2147483647
5206 	 2147483647
5207 	 2147483647
5208 	 2147483647
5209 	 2147483647
5210 	 2147483647
5211 	 2147483647
5212 	 659
5213 	 664
5214 	 669
5215 	 674
5216 	 679
5217 	 684
5218 	 694
5219 	 704
5220 	 709
5221 	 714
5222 	 719
5223 	 724
5224 	 729
5225 	 734
5226 	 739
5227 	 744
5228 	 749
5229 	 754
5230 	 759
5231 	 764
5232 	 769
5233 	 774
5234 	 779
5235 	 784
5236 	 789
5237 	 809
5238 	 814
5239 	 824
5240 	 829
5241 	 839
5242 	 849
5243 	 859
5244 	 869
5245 	 874
5246 	 884
5247 	 889
5248 	 894
5249 	 899
5250 	 904
5251 	 909
5252 	 914
5253 	 919
5254 	 924
5255 	 929
5256 	 934
5257 	 939
5258 	 944
5259 	 949
5260 	 954
5261 	 959
5262 	 964
5263 	 969
5264 	 974
5265 	 979
5266 	 984
5267 	 989
5268 	 994
5269 	 999
5270 	 1004
5271 	 1009
5272 	 1014
5273 	 1019
5274 	 1024
5275 	 1029
5276 	 1034
5277 	 1039
5278 	 1044
5279 	 1049
5280 	 1054
5281 	 1059
5282 	 1064
5283 	 1069
5284 	 1074
5285 	 1079
5286 	 1084
5287 	 1089
5288 	 1094
5289 	 1099
5290 	 1104
5291 	 1109
5292 	 1114
5293 	 1119
5294 	 1124
5295 	 1129
5296 	 1134
5297 	 1139
5298 	 1144
5299 	 1149
5300 	 1154
5301 	 1159
5302 	 1169
5303 	 1174
5304 	 1179
5305 	 1184
5306 	 1189
5307 	 1194
5308 	 1199
5309 	 1204
5310 	 1209
5311 	 1214
5312 	 1224
5313 	 1234
5314 	 1254
5315 	 1259
5316 	 2147483647
5317 	 2147483647
5318 	 2147483647
5319 	 2147483647
5320 	 2147483647
5321 	 2147483647
5322 	 2147483647
5323 	 2147483647
5324 	 2147483647
5325 	 2147483647
5326 	 2147483647
5327 	 2147483647
5328 	 2147483647
5329 	 2147483647
5330 	 2147483647
5331 	 2147483647
5332 	 2147483647
5333 	 677
5334 	 697
5335 	 702
5336 	 707
5337 	 712
5338 	 717
5339 	 722
5340 	 727
5341 	 732
5342 	 737
5343 	 742
5344 	 747
5345 	 752
5346 	 772
5347 	 777
5348 	 782
5349 	 787
5350 	 792
5351 	 797
5352 	 802
5353 	 807
5354 	 812
5355 	 817
5356 	 822
5357 	 827
5358 	 832
5359 	 837
5360 	 842
5361 	 847
5362 	 852
5363 	 857
5364 	 862
5365 	 867
5366 	 872
5367 	 877
5368 	 882
5369 	 887
5370 	 892
5371 	 897
5372 	 902
5373 	 907
5374 	 912
5375 	 917
5376 	 922
5377 	 927
5378 	 932
5379 	 937
5380 	 942
5381 	 947
5382 	 952
5383 	 957
5384 	 962
5385 	 967
5386 	 972
5387 	 977
5388 	 982
5389 	 987
5390 	 992
5391 	 997
5392 	 1002
5393 	 1007
5394 	 1012
5395 	 1017
5396 	 1022
5397 	 1027
5398 	 1032
5399 	 1037
5400 	 1042
5401 	 1047
5402 	 1052
5403 	 1057
5404 	 1062
5405 	 1067
5406 	 1072
5407 	 1077
5408 	 1082
5409 	 1087
5410 	 1092
5411 	 1097
5412 	 1102
5413 	 1107
5414 	 1112
5415 	 1117
5416 	 1122
5417 	 1127
5418 	 1132
5419 	 1137
5420 	 1142
5421 	 1147
5422 	 1152
5423 	 1157
5424 	 1162
5425 	 1167
5426 	 1172
5427 	 1182
5428 	 1187
5429 	 1192
5430 	 1197
5431 	 1202
5432 	 1207
5433 	 1212
5434 	 1217
5435 	 1222
5436 	 1227
5437 	 1237
5438 	 1247
5439 	 1252
5440 	 1257
5441 	 1262
5442 	 1267
5443 	 1272
5444 	 2147483647
5445 	 2147483647
5446 	 2147483647
5447 	 2147483647
5448 	 2147483647
5449 	 2147483647
5450 	 2147483647
5451 	 2147483647
5452 	 2147483647
5453 	 2147483647
5454 	 2147483647
5455 	 2147483647
5456 	 2147483647
5457 	 690
5458 	 695
5459 	 700
5460 	 705
5461 	 710
5462 	 715
5463 	 735
5464 	 740
5465 	 760
5466 	 765
5467 	 770
5468 	 775
5469 	 780
5470 	 785
5471 	 790
5472 	 795
5473 	 805
5474 	 810
5475 	 815
5476 	 820
5477 	 825
5478 	 830
5479 	 835
5480 	 845
5481 	 850
5482 	 855
5483 	 860
5484 	 865
5485 	 870
5486 	 890
5487 	 895
5488 	 900
5489 	 910
5490 	 915
5491 	 920
5492 	 925
5493 	 930
5494 	 935
5495 	 955
5496 	 960
5497 	 965
5498 	 970
5499 	 975
5500 	 980
5501 	 985
5502 	 995
5503 	 1000
5504 	 1005
5505 	 1010
5506 	 1015
5507 	 1020
5508 	 1025
5509 	 1030
5510 	 1050
5511 	 1055
5512 	 1060
5513 	 1065
5514 	 1070
5515 	 1075
5516 	 1080
5517 	 1085
5518 	 1090
5519 	 1095
5520 	 1100
5521 	 1105
5522 	 1110
5523 	 1115
5524 	 1120
5525 	 1125
5526 	 1130
5527 	 1135
5528 	 1140
5529 	 1145
5530 	 1150
5531 	 1155
5532 	 1160
5533 	 1165
5534 	 1170
5535 	 1175
5536 	 1180
5537 	 1185
5538 	 1190
5539 	 1195
5540 	 1200
5541 	 1205
5542 	 1210
5543 	 1215
5544 	 1220
5545 	 1225
5546 	 1230
5547 	 1235
5548 	 1240
5549 	 1245
5550 	 1250
5551 	 1255
5552 	 1260
5553 	 1265
5554 	 1270
5555 	 1275
5556 	 1280
5557 	 1285
5558 	 1290
5559 	 2147483647
5560 	 2147483647
5561 	 2147483647
5562 	 2147483647
5563 	 2147483647
5564 	 2147483647
5565 	 2147483647
5566 	 2147483647
5567 	 2147483647
5568 	 2147483647
5569 	 2147483647
5570 	 2147483647
5571 	 2147483647
5572 	 2147483647
5573 	 2147483647
5574 	 2147483647
5575 	 2147483647
5576 	 2147483647
5577 	 2147483647
5578 	 2147483647
5579 	 703
5580 	 708
5581 	 713
5582 	 718
5583 	 723
5584 	 728
5585 	 733
5586 	 738
5587 	 743
5588 	 748
5589 	 753
5590 	 758
5591 	 763
5592 	 768
5593 	 773
5594 	 778
5595 	 783
5596 	 803
5597 	 808
5598 	 818
5599 	 823
5600 	 828
5601 	 833
5602 	 838
5603 	 843
5604 	 848
5605 	 858
5606 	 878
5607 	 883
5608 	 888
5609 	 893
5610 	 898
5611 	 903
5612 	 908
5613 	 913
5614 	 923
5615 	 928
5616 	 933
5617 	 938
5618 	 943
5619 	 948
5620 	 953
5621 	 958
5622 	 963
5623 	 968
5624 	 973
5625 	 978
5626 	 983
5627 	 988
5628 	 993
5629 	 998
5630 	 1008
5631 	 1013
5632 	 1018
5633 	 1023
5634 	 1028
5635 	 1033
5636 	 1038
5637 	 1043
5638 	 1048
5639 	 1053
5640 	 1058
5641 	 1063
5642 	 1068
5643 	 1078
5644 	 1083
5645 	 1088
5646 	 1093
5647 	 1098
5648 	 1103
5649 	 1108
5650 	 1113
5651 	 1118
5652 	 1123
5653 	 1128
5654 	 1133
5655 	 1138
5656 	 1143
5657 	 1148
5658 	 1153
5659 	 1158
5660 	 1163
5661 	 1168
5662 	 1173
5663 	 1178
5664 	 1183
5665 	 1188
5666 	 1193
5667 	 1198
5668 	 1203
5669 	 1208
5670 	 1213
5671 	 1218
5672 	 1223
5673 	 1228
5674 	 1233
5675 	 1238
5676 	 1243
5677 	 1248
5678 	 1253
5679 	 1258
5680 	 1263
5681 	 1268
5682 	 1273
5683 	 1278
5684 	 1283
5685 	 1303
5686 	 2147483647
5687 	 2147483647
5688 	 2147483647
5689 	 2147483647
5690 	 2147483647
5691 	 2147483647
5692 	 2147483647
5693 	 2147483647
5694 	 2147483647
5695 	 2147483647
5696 	 2147483647
5697 	 2147483647
5698 	 2147483647
5699 	 2147483647
5700 	 2147483647
5701 	 716
5702 	 721
5703 	 726
5704 	 731
5705 	 736
5706 	 741
5707 	 746
5708 	 751
5709 	 756
5710 	 761
5711 	 771
5712 	 776
5713 	 786
5714 	 796
5715 	 801
5716 	 806
5717 	 811
5718 	 816
5719 	 821
5720 	 826
5721 	 831
5722 	 841
5723 	 846
5724 	 851
5725 	 856
5726 	 861
5727 	 866
5728 	 871
5729 	 876
5730 	 881
5731 	 886
5732 	 891
5733 	 896
5734 	 901
5735 	 906
5736 	 911
5737 	 916
5738 	 921
5739 	 926
5740 	 931
5741 	 936
5742 	 941
5743 	 946
5744 	 951
5745 	 956
5746 	 961
5747 	 966
5748 	 971
5749 	 976
5750 	 981
5751 	 986
5752 	 991
5753 	 996
5754 	 1001
5755 	 1006
5756 	 1011
5757 	 1016
5758 	 1021
5759 	 1026
5760 	 1031
5761 	 1036
5762 	 1041
5763 	 1061
5764 	 1066
5765 	 1071
5766 	 1081
5767 	 1091
5768 	 1096
5769 	 1101
5770 	 1106
5771 	 1111
5772 	 1116
5773 	 1121
5774 	 1126
5775 	 1131
5776 	 1136
5777 	 1141
5778 	 1146
5779 	 1151
5780 	 1156
5781 	 1161
5782 	 1166
5783 	 1171
5784 	 1176
5785 	 1181
5786 	 1186
5787 	 1191
5788 	 1196
5789 	 1201
5790 	 1206
5791 	 1211
5792 	 1216
5793 	 1221
5794 	 1226
5795 	 1231
5796 	 1236
5797 	 1241
5798 	 1246
5799 	 1251
5800 	 1256
5801 	 1261
5802 	 1266
5803 	 1271
5804 	 1276
5805 	 1281
5806 	 1286
5807 	 1291
5808 	 1296
5809 	 1301
5810 	 1306
5811 	 1311
5812 	 1316
5813 	 2147483647
5814 	 2147483647
5815 	 2147483647
5816 	 2147483647
5817 	 2147483647
5818 	 2147483647
5819 	 2147483647
5820 	 2147483647
5821 	 2147483647
5822 	 2147483647
5823 	 2147483647
5824 	 2147483647
5825 	 2147483647
5826 	 729
5827 	 739
5828 	 749
5829 	 759
5830 	 769
5831 	 774
5832 	 784
5833 	 789
5834 	 799
5835 	 809
5836 	 814
5837 	 819
5838 	 829
5839 	 834
5840 	 844
5841 	 854
5842 	 859
5843 	 869
5844 	 879
5845 	 889
5846 	 894
5847 	 899
5848 	 909
5849 	 914
5850 	 919
5851 	 924
5852 	 929
5853 	 934
5854 	 939
5855 	 944
5856 	 949
5857 	 954
5858 	 959
5859 	 964
5860 	 969
5861 	 979
5862 	 989
5863 	 994
5864 	 999
5865 	 1009
5866 	 1019
5867 	 1024
5868 	 1029
5869 	 1034
5870 	 1039
5871 	 1044
5872 	 1049
5873 	 1054
5874 	 1059
5875 	 1064
5876 	 1069
5877 	 1074
5878 	 1079
5879 	 1084
5880 	 1094
5881 	 1099
5882 	 1104
5883 	 1114
5884 	 1119
5885 	 1124
5886 	 1129
5887 	 1134
5888 	 1139
5889 	 1144
5890 	 1154
5891 	 1159
5892 	 1164
5893 	 1169
5894 	 1174
5895 	 1179
5896 	 1184
5897 	 1189
5898 	 1194
5899 	 1204
5900 	 1209
5901 	 1214
5902 	 1219
5903 	 1224
5904 	 1234
5905 	 1244
5906 	 1249
5907 	 1254
5908 	 1259
5909 	 1264
5910 	 1269
5911 	 1274
5912 	 1279
5913 	 1284
5914 	 1289
5915 	 1294
5916 	 1299
5917 	 1304
5918 	 1309
5919 	 1314
5920 	 1319
5921 	 1324
5922 	 2147483647
5923 	 2147483647
5924 	 2147483647
5925 	 2147483647
5926 	 2147483647
5927 	 2147483647
5928 	 2147483647
5929 	 2147483647
5930 	 2147483647
5931 	 2147483647
5932 	 2147483647
5933 	 2147483647
5934 	 2147483647
5935 	 2147483647
5936 	 2147483647
5937 	 2147483647
5938 	 2147483647
5939 	 2147483647
5940 	 2147483647
5941 	 742
5942 	 752
5943 	 762
5944 	 772
5945 	 782
5946 	 787
5947 	 792
5948 	 797
5949 	 802
5950 	 807
5951 	 812
5952 	 817
5953 	 822
5954 	 832
5955 	 842
5956 	 847
5957 	 857
5958 	 862
5959 	 867
5960 	 872
5961 	 882
5962 	 892
5963 	 902
5964 	 907
5965 	 912
5966 	 922
5967 	 927
5968 	 937
5969 	 942
5970 	 952
5971 	 957
5972 	 962
5973 	 967
5974 	 972
5975 	 977
5976 	 982
5977 	 992
5978 	 1002
5979 	 1007
5980 	 1012
5981 	 1022
5982 	 1032
5983 	 1037
5984 	 1042
5985 	 1047
5986 	 1057
5987 	 1062
5988 	 1072
5989 	 1077
5990 	 1087
5991 	 1092
5992 	 1097
5993 	 1102
5994 	 1107
5995 	 1112
5996 	 1117
5997 	 1127
5998 	 1132
5999 	 1137
6000 	 1142
6001 	 1152
6002 	 1157
6003 	 1167
6004 	 1172
6005 	 1182
6006 	 1192
6007 	 1197
6008 	 1202
6009 	 1207
6010 	 1217
6011 	 1222
6012 	 1227
6013 	 1232
6014 	 1237
6015 	 1247
6016 	 1257
6017 	 1262
6018 	 1267
6019 	 1272
6020 	 1277
6021 	 1282
6022 	 1287
6023 	 1297
6024 	 1302
6025 	 1307
6026 	 1312
6027 	 1317
6028 	 1327
6029 	 1337
6030 	 2147483647
6031 	 2147483647
6032 	 2147483647
6033 	 2147483647
6034 	 2147483647
6035 	 2147483647
6036 	 2147483647
6037 	 2147483647
6038 	 2147483647
6039 	 2147483647
6040 	 2147483647
6041 	 2147483647
6042 	 2147483647
6043 	 2147483647
6044 	 2147483647
6045 	 2147483647
6046 	 2147483647
6047 	 2147483647
6048 	 2147483647
6049 	 755
6050 	 760
6051 	 765
6052 	 770
6053 	 775
6054 	 780
6055 	 785
6056 	 790
6057 	 795
6058 	 800
6059 	 805
6060 	 810
6061 	 815
6062 	 825
6063 	 830
6064 	 835
6065 	 845
6066 	 850
6067 	 855
6068 	 860
6069 	 865
6070 	 870
6071 	 875
6072 	 880
6073 	 885
6074 	 890
6075 	 895
6076 	 900
6077 	 905
6078 	 910
6079 	 915
6080 	 920
6081 	 925
6082 	 930
6083 	 935
6084 	 940
6085 	 950
6086 	 955
6087 	 965
6088 	 975
6089 	 980
6090 	 985
6091 	 995
6092 	 1000
6093 	 1005
6094 	 1010
6095 	 1015
6096 	 1020
6097 	 1025
6098 	 1030
6099 	 1035
6100 	 1040
6101 	 1045
6102 	 1050
6103 	 1055
6104 	 1060
6105 	 1070
6106 	 1075
6107 	 1085
6108 	 1090
6109 	 1100
6110 	 1105
6111 	 1110
6112 	 1115
6113 	 1120
6114 	 1125
6115 	 1130
6116 	 1135
6117 	 1140
6118 	 1145
6119 	 1155
6120 	 1165
6121 	 1170
6122 	 1175
6123 	 1180
6124 	 1185
6125 	 1195
6126 	 1205
6127 	 1210
6128 	 1215
6129 	 1220
6130 	 1225
6131 	 1230
6132 	 1235
6133 	 1240
6134 	 1245
6135 	 1250
6136 	 1255
6137 	 1260
6138 	 1265
6139 	 1270
6140 	 1275
6141 	 1280
6142 	 1285
6143 	 1290
6144 	 1295
6145 	 1300
6146 	 1310
6147 	 1315
6148 	 1320
6149 	 1325
6150 	 1330
6151 	 1340
6152 	 1350
6153 	 1355
6154 	 2147483647
6155 	 2147483647
6156 	 2147483647
6157 	 2147483647
6158 	 2147483647
6159 	 2147483647
6160 	 2147483647
6161 	 2147483647
6162 	 2147483647
6163 	 2147483647
6164 	 2147483647
6165 	 2147483647
6166 	 2147483647
6167 	 2147483647
6168 	 2147483647
6169 	 2147483647
6170 	 2147483647
6171 	 768
6172 	 773
6173 	 778
6174 	 783
6175 	 788
6176 	 793
6177 	 798
6178 	 808
6179 	 813
6180 	 818
6181 	 823
6182 	 828
6183 	 838
6184 	 843
6185 	 848
6186 	 853
6187 	 858
6188 	 863
6189 	 868
6190 	 873
6191 	 878
6192 	 883
6193 	 888
6194 	 893
6195 	 898
6196 	 918
6197 	 923
6198 	 928
6199 	 933
6200 	 938
6201 	 948
6202 	 953
6203 	 958
6204 	 963
6205 	 968
6206 	 973
6207 	 978
6208 	 988
6209 	 993
6210 	 998
6211 	 1008
6212 	 1018
6213 	 1023
6214 	 1028
6215 	 1033
6216 	 1038
6217 	 1043
6218 	 1048
6219 	 1053
6220 	 1058
6221 	 1063
6222 	 1068
6223 	 1073
6224 	 1078
6225 	 1083
6226 	 1088
6227 	 1093
6228 	 1098
6229 	 1103
6230 	 1108
6231 	 1113
6232 	 1118
6233 	 1123
6234 	 1128
6235 	 1133
6236 	 1138
6237 	 1143
6238 	 1148
6239 	 1153
6240 	 1158
6241 	 1168
6242 	 1173
6243 	 1178
6244 	 1183
6245 	 1188
6246 	 1193
6247 	 1198
6248 	 1203
6249 	 1208
6250 	 1213
6251 	 1218
6252 	 1223
6253 	 1228
6254 	 1233
6255 	 1238
6256 	 1243
6257 	 1248
6258 	 1253
6259 	 1258
6260 	 1263
6261 	 1268
6262 	 1273
6263 	 1278
6264 	 1283
6265 	 1288
6266 	 1293
6267 	 1298
6268 	 1303
6269 	 1308
6270 	 1313
6271 	 1318
6272 	 1323
6273 	 1328
6274 	 1333
6275 	 1338
6276 	 1343
6277 	 1348
6278 	 1353
6279 	 1358
6280 	 1363
6281 	 1368
6282 	 2147483647
6283 	 2147483647
6284 	 2147483647
6285 	 2147483647
6286 	 2147483647
6287 	 2147483647
6288 	 2147483647
6289 	 2147483647
6290 	 2147483647
6291 	 2147483647
6292 	 2147483647
6293 	 2147483647
6294 	 2147483647
6295 	 2147483647
6296 	 2147483647
6297 	 2147483647
6298 	 2147483647
6299 	 781
6300 	 786
6301 	 806
6302 	 811
6303 	 821
6304 	 826
6305 	 831
6306 	 841
6307 	 846
6308 	 851
6309 	 856
6310 	 861
6311 	 866
6312 	 871
6313 	 876
6314 	 881
6315 	 886
6316 	 891
6317 	 896
6318 	 901
6319 	 906
6320 	 911
6321 	 916
6322 	 921
6323 	 926
6324 	 931
6325 	 936
6326 	 941
6327 	 951
6328 	 961
6329 	 966
6330 	 971
6331 	 976
6332 	 981
6333 	 986
6334 	 991
6335 	 996
6336 	 1001
6337 	 1006
6338 	 1011
6339 	 1016
6340 	 1021
6341 	 1031
6342 	 1036
6343 	 1041
6344 	 1046
6345 	 1051
6346 	 1056
6347 	 1061
6348 	 1066
6349 	 1071
6350 	 1076
6351 	 1096
6352 	 1101
6353 	 1121
6354 	 1126
6355 	 1131
6356 	 1136
6357 	 1141
6358 	 1146
6359 	 1151
6360 	 1156
6361 	 1161
6362 	 1166
6363 	 1171
6364 	 1176
6365 	 1181
6366 	 1186
6367 	 1191
6368 	 1196
6369 	 1201
6370 	 1206
6371 	 1211
6372 	 1216
6373 	 1221
6374 	 1226
6375 	 1231
6376 	 1236
6377 	 1241
6378 	 1246
6379 	 1251
6380 	 1256
6381 	 1261
6382 	 1266
6383 	 1271
6384 	 1276
6385 	 1281
6386 	 1286
6387 	 1291
6388 	 1296
6389 	 1301
6390 	 1306
6391 	 1311
6392 	 1316
6393 	 1321
6394 	 1326
6395 	 1331
6396 	 1336
6397 	 1341
6398 	 1346
6399 	 1351
6400 	 1356
6401 	 1361
6402 	 1366
6403 	 1371
6404 	 1376
