
Tempo total de execução: 8.000000 milissegundo(s).

0 	 2147483647
1 	 0
2 	 5
3 	 10
4 	 15
5 	 20
6 	 25
7 	 2147483647
8 	 2147483647
9 	 2147483647
10 	 2147483647
11 	 2147483647
12 	 2147483647
13 	 2147483647
14 	 2147483647
15 	 2147483647
16 	 2147483647
17 	 2147483647
18 	 2147483647
19 	 2147483647
20 	 2147483647
21 	 2147483647
22 	 2147483647
23 	 2147483647
24 	 2147483647
25 	 2147483647
26 	 2147483647
27 	 2147483647
28 	 2147483647
29 	 2147483647
30 	 2147483647
31 	 2147483647
32 	 2147483647
33 	 2147483647
34 	 2147483647
35 	 2147483647
36 	 2147483647
37 	 2147483647
38 	 2147483647
39 	 2147483647
40 	 2147483647
41 	 2147483647
42 	 2147483647
43 	 2147483647
44 	 2147483647
45 	 2147483647
46 	 2147483647
47 	 2147483647
48 	 2147483647
49 	 2147483647
50 	 2147483647
51 	 2147483647
52 	 2147483647
53 	 2147483647
54 	 2147483647
55 	 2147483647
56 	 2147483647
57 	 2147483647
58 	 2147483647
59 	 2147483647
60 	 2147483647
61 	 2147483647
62 	 2147483647
63 	 2147483647
64 	 2147483647
65 	 2147483647
66 	 2147483647
67 	 2147483647
68 	 2147483647
69 	 2147483647
70 	 2147483647
71 	 2147483647
72 	 2147483647
73 	 2147483647
74 	 2147483647
75 	 2147483647
76 	 2147483647
77 	 2147483647
78 	 2147483647
79 	 2147483647
80 	 2147483647
81 	 2147483647
82 	 2147483647
83 	 2147483647
84 	 2147483647
85 	 2147483647
86 	 2147483647
87 	 2147483647
88 	 2147483647
89 	 2147483647
90 	 2147483647
91 	 2147483647
92 	 2147483647
93 	 2147483647
94 	 2147483647
95 	 2147483647
96 	 2147483647
97 	 2147483647
98 	 2147483647
99 	 2147483647
100 	 2147483647
101 	 13
102 	 18
103 	 23
104 	 28
105 	 38
106 	 43
107 	 48
108 	 53
109 	 58
110 	 63
111 	 68
112 	 73
113 	 78
114 	 83
115 	 88
116 	 93
117 	 2147483647
118 	 2147483647
119 	 2147483647
120 	 2147483647
121 	 2147483647
122 	 2147483647
123 	 2147483647
124 	 2147483647
125 	 2147483647
126 	 2147483647
127 	 2147483647
128 	 2147483647
129 	 2147483647
130 	 2147483647
131 	 2147483647
132 	 2147483647
133 	 2147483647
134 	 2147483647
135 	 2147483647
136 	 2147483647
137 	 2147483647
138 	 2147483647
139 	 2147483647
140 	 2147483647
141 	 2147483647
142 	 2147483647
143 	 2147483647
144 	 2147483647
145 	 2147483647
146 	 2147483647
147 	 2147483647
148 	 2147483647
149 	 2147483647
150 	 2147483647
151 	 2147483647
152 	 2147483647
153 	 2147483647
154 	 2147483647
155 	 2147483647
156 	 2147483647
157 	 2147483647
158 	 2147483647
159 	 2147483647
160 	 2147483647
161 	 2147483647
162 	 2147483647
163 	 2147483647
164 	 2147483647
165 	 2147483647
166 	 2147483647
167 	 2147483647
168 	 2147483647
169 	 2147483647
170 	 2147483647
171 	 2147483647
172 	 2147483647
173 	 2147483647
174 	 2147483647
175 	 2147483647
176 	 2147483647
177 	 2147483647
178 	 2147483647
179 	 2147483647
180 	 2147483647
181 	 2147483647
182 	 2147483647
183 	 2147483647
184 	 2147483647
185 	 2147483647
186 	 2147483647
187 	 2147483647
188 	 2147483647
189 	 2147483647
190 	 2147483647
191 	 2147483647
192 	 2147483647
193 	 2147483647
194 	 2147483647
195 	 2147483647
196 	 26
197 	 31
198 	 36
199 	 41
200 	 51
201 	 56
202 	 61
203 	 66
204 	 71
205 	 91
206 	 96
207 	 101
208 	 106
209 	 111
210 	 116
211 	 121
212 	 126
213 	 131
214 	 136
215 	 141
216 	 146
217 	 151
218 	 2147483647
219 	 2147483647
220 	 2147483647
221 	 2147483647
222 	 2147483647
223 	 2147483647
224 	 2147483647
225 	 2147483647
226 	 2147483647
227 	 2147483647
228 	 2147483647
229 	 2147483647
230 	 2147483647
231 	 2147483647
232 	 2147483647
233 	 2147483647
234 	 2147483647
235 	 2147483647
236 	 2147483647
237 	 2147483647
238 	 2147483647
239 	 2147483647
240 	 2147483647
241 	 2147483647
242 	 2147483647
243 	 2147483647
244 	 2147483647
245 	 2147483647
246 	 2147483647
247 	 2147483647
248 	 2147483647
249 	 2147483647
250 	 2147483647
251 	 2147483647
252 	 2147483647
253 	 2147483647
254 	 2147483647
255 	 2147483647
256 	 2147483647
257 	 2147483647
258 	 2147483647
259 	 2147483647
260 	 2147483647
261 	 2147483647
262 	 2147483647
263 	 2147483647
264 	 2147483647
265 	 2147483647
266 	 2147483647
267 	 2147483647
268 	 2147483647
269 	 2147483647
270 	 2147483647
271 	 2147483647
272 	 2147483647
273 	 2147483647
274 	 2147483647
275 	 2147483647
276 	 2147483647
277 	 2147483647
278 	 2147483647
279 	 2147483647
280 	 2147483647
281 	 2147483647
282 	 2147483647
283 	 2147483647
284 	 2147483647
285 	 2147483647
286 	 2147483647
287 	 2147483647
288 	 2147483647
289 	 2147483647
290 	 2147483647
291 	 2147483647
292 	 44
293 	 54
294 	 59
295 	 64
296 	 69
297 	 74
298 	 79
299 	 84
300 	 89
301 	 94
302 	 99
303 	 104
304 	 109
305 	 114
306 	 119
307 	 124
308 	 129
309 	 134
310 	 139
311 	 144
312 	 149
313 	 154
314 	 159
315 	 164
316 	 169
317 	 174
318 	 179
319 	 184
320 	 189
321 	 194
322 	 199
323 	 204
324 	 209
325 	 214
326 	 2147483647
327 	 2147483647
328 	 2147483647
329 	 2147483647
330 	 2147483647
331 	 2147483647
332 	 2147483647
333 	 2147483647
334 	 2147483647
335 	 2147483647
336 	 2147483647
337 	 2147483647
338 	 2147483647
339 	 2147483647
340 	 2147483647
341 	 2147483647
342 	 2147483647
343 	 2147483647
344 	 2147483647
345 	 2147483647
346 	 2147483647
347 	 2147483647
348 	 2147483647
349 	 2147483647
350 	 2147483647
351 	 2147483647
352 	 2147483647
353 	 2147483647
354 	 2147483647
355 	 2147483647
356 	 2147483647
357 	 2147483647
358 	 2147483647
359 	 2147483647
360 	 2147483647
361 	 2147483647
362 	 2147483647
363 	 2147483647
364 	 2147483647
365 	 2147483647
366 	 2147483647
367 	 2147483647
368 	 2147483647
369 	 2147483647
370 	 2147483647
371 	 2147483647
372 	 2147483647
373 	 2147483647
374 	 2147483647
375 	 2147483647
376 	 2147483647
377 	 2147483647
378 	 2147483647
379 	 2147483647
380 	 2147483647
381 	 2147483647
382 	 2147483647
383 	 2147483647
384 	 2147483647
385 	 2147483647
386 	 2147483647
387 	 2147483647
388 	 2147483647
389 	 2147483647
390 	 2147483647
391 	 2147483647
392 	 2147483647
393 	 57
394 	 67
395 	 72
396 	 77
397 	 82
398 	 87
399 	 92
400 	 97
401 	 102
402 	 107
403 	 112
404 	 122
405 	 132
406 	 137
407 	 142
408 	 147
409 	 152
410 	 157
411 	 162
412 	 167
413 	 172
414 	 177
415 	 182
416 	 187
417 	 192
418 	 197
419 	 202
420 	 207
421 	 212
422 	 217
423 	 222
424 	 227
425 	 232
426 	 237
427 	 242
428 	 247
429 	 252
430 	 257
431 	 262
432 	 267
433 	 272
434 	 277
435 	 282
436 	 287
437 	 292
438 	 297
439 	 302
440 	 2147483647
441 	 2147483647
442 	 2147483647
443 	 2147483647
444 	 2147483647
445 	 2147483647
446 	 2147483647
447 	 2147483647
448 	 2147483647
449 	 2147483647
450 	 2147483647
451 	 2147483647
452 	 2147483647
453 	 2147483647
454 	 2147483647
455 	 2147483647
456 	 2147483647
457 	 2147483647
458 	 2147483647
459 	 2147483647
460 	 2147483647
461 	 2147483647
462 	 2147483647
463 	 2147483647
464 	 2147483647
465 	 2147483647
466 	 2147483647
467 	 2147483647
468 	 2147483647
469 	 2147483647
470 	 2147483647
471 	 2147483647
472 	 2147483647
473 	 2147483647
474 	 2147483647
475 	 2147483647
476 	 2147483647
477 	 2147483647
478 	 2147483647
479 	 2147483647
480 	 2147483647
481 	 2147483647
482 	 2147483647
483 	 2147483647
484 	 2147483647
485 	 2147483647
486 	 2147483647
487 	 2147483647
488 	 2147483647
489 	 2147483647
490 	 2147483647
491 	 70
492 	 75
493 	 80
494 	 85
495 	 90
496 	 95
497 	 100
498 	 105
499 	 110
500 	 115
501 	 120
502 	 125
503 	 135
504 	 145
505 	 150
506 	 155
507 	 160
508 	 165
509 	 170
510 	 175
511 	 180
512 	 185
513 	 190
514 	 195
515 	 200
516 	 205
517 	 210
518 	 215
519 	 220
520 	 230
521 	 235
522 	 240
523 	 245
524 	 250
525 	 255
526 	 260
527 	 265
528 	 270
529 	 275
530 	 285
531 	 290
532 	 295
533 	 300
534 	 305
535 	 310
536 	 315
537 	 320
538 	 325
539 	 330
540 	 335
541 	 340
542 	 345
543 	 2147483647
544 	 2147483647
545 	 2147483647
546 	 2147483647
547 	 2147483647
548 	 2147483647
549 	 2147483647
550 	 2147483647
551 	 2147483647
552 	 2147483647
553 	 2147483647
554 	 2147483647
555 	 2147483647
556 	 2147483647
557 	 2147483647
558 	 2147483647
559 	 2147483647
560 	 2147483647
561 	 2147483647
562 	 2147483647
563 	 2147483647
564 	 2147483647
565 	 2147483647
566 	 2147483647
567 	 2147483647
568 	 2147483647
569 	 2147483647
570 	 2147483647
571 	 2147483647
572 	 2147483647
573 	 2147483647
574 	 2147483647
575 	 2147483647
576 	 2147483647
577 	 2147483647
578 	 2147483647
579 	 2147483647
580 	 2147483647
581 	 2147483647
582 	 2147483647
583 	 2147483647
584 	 2147483647
585 	 2147483647
586 	 2147483647
587 	 2147483647
588 	 2147483647
589 	 2147483647
590 	 2147483647
591 	 2147483647
592 	 2147483647
593 	 2147483647
594 	 2147483647
595 	 2147483647
596 	 2147483647
597 	 2147483647
598 	 83
599 	 88
600 	 93
601 	 98
602 	 103
603 	 108
604 	 113
605 	 118
606 	 123
607 	 128
608 	 138
609 	 143
610 	 148
611 	 153
612 	 158
613 	 163
614 	 168
615 	 173
616 	 178
617 	 183
618 	 188
619 	 193
620 	 198
621 	 203
622 	 208
623 	 213
624 	 218
625 	 223
626 	 228
627 	 233
628 	 243
629 	 248
630 	 253
631 	 258
632 	 263
633 	 268
634 	 273
635 	 278
636 	 283
637 	 288
638 	 298
639 	 303
640 	 308
641 	 313
642 	 318
643 	 323
644 	 328
645 	 333
646 	 338
647 	 343
648 	 348
649 	 353
650 	 358
651 	 363
652 	 368
653 	 373
654 	 378
655 	 383
656 	 388
657 	 393
658 	 2147483647
659 	 2147483647
660 	 2147483647
661 	 2147483647
662 	 2147483647
663 	 2147483647
664 	 2147483647
665 	 2147483647
666 	 2147483647
667 	 2147483647
668 	 2147483647
669 	 2147483647
670 	 2147483647
671 	 2147483647
672 	 2147483647
673 	 2147483647
674 	 2147483647
675 	 2147483647
676 	 2147483647
677 	 2147483647
678 	 2147483647
679 	 2147483647
680 	 2147483647
681 	 2147483647
682 	 2147483647
683 	 2147483647
684 	 2147483647
685 	 2147483647
686 	 2147483647
687 	 2147483647
688 	 2147483647
689 	 2147483647
690 	 2147483647
691 	 2147483647
692 	 2147483647
693 	 2147483647
694 	 2147483647
695 	 2147483647
696 	 2147483647
697 	 2147483647
698 	 2147483647
699 	 2147483647
700 	 2147483647
701 	 2147483647
702 	 2147483647
703 	 2147483647
704 	 96
705 	 101
706 	 106
707 	 111
708 	 116
709 	 121
710 	 126
711 	 131
712 	 141
713 	 151
714 	 156
715 	 161
716 	 166
717 	 171
718 	 176
719 	 181
720 	 186
721 	 191
722 	 196
723 	 201
724 	 206
725 	 216
726 	 221
727 	 226
728 	 231
729 	 236
730 	 241
731 	 246
732 	 251
733 	 256
734 	 261
735 	 266
736 	 271
737 	 276
738 	 281
739 	 286
740 	 291
741 	 296
742 	 301
743 	 306
744 	 311
745 	 316
746 	 321
747 	 326
748 	 331
749 	 336
750 	 341
751 	 346
752 	 351
753 	 356
754 	 361
755 	 366
756 	 371
757 	 376
758 	 381
759 	 386
760 	 391
761 	 396
762 	 401
763 	 406
764 	 411
765 	 416
766 	 2147483647
767 	 2147483647
768 	 2147483647
769 	 2147483647
770 	 2147483647
771 	 2147483647
772 	 2147483647
773 	 2147483647
774 	 2147483647
775 	 2147483647
776 	 2147483647
777 	 2147483647
778 	 2147483647
779 	 2147483647
780 	 2147483647
781 	 2147483647
782 	 2147483647
783 	 2147483647
784 	 2147483647
785 	 2147483647
786 	 2147483647
787 	 2147483647
788 	 2147483647
789 	 2147483647
790 	 2147483647
791 	 2147483647
792 	 2147483647
793 	 2147483647
794 	 2147483647
795 	 2147483647
796 	 2147483647
797 	 2147483647
798 	 2147483647
799 	 2147483647
800 	 2147483647
801 	 2147483647
802 	 2147483647
803 	 2147483647
804 	 2147483647
805 	 2147483647
806 	 2147483647
807 	 2147483647
808 	 2147483647
809 	 2147483647
810 	 109
811 	 114
812 	 119
813 	 124
814 	 129
815 	 139
816 	 144
817 	 154
818 	 159
819 	 164
820 	 169
821 	 174
822 	 179
823 	 184
824 	 189
825 	 194
826 	 199
827 	 209
828 	 219
829 	 229
830 	 234
831 	 239
832 	 244
833 	 249
834 	 254
835 	 259
836 	 264
837 	 269
838 	 274
839 	 294
840 	 299
841 	 304
842 	 309
843 	 314
844 	 319
845 	 324
846 	 329
847 	 334
848 	 339
849 	 349
850 	 359
851 	 364
852 	 369
853 	 374
854 	 379
855 	 384
856 	 389
857 	 394
858 	 399
859 	 404
860 	 409
861 	 414
862 	 419
863 	 429
864 	 2147483647
865 	 2147483647
866 	 2147483647
867 	 2147483647
868 	 2147483647
869 	 2147483647
870 	 2147483647
871 	 2147483647
872 	 2147483647
873 	 2147483647
874 	 2147483647
875 	 2147483647
876 	 2147483647
877 	 2147483647
878 	 2147483647
879 	 2147483647
880 	 2147483647
881 	 2147483647
882 	 2147483647
883 	 2147483647
884 	 2147483647
885 	 2147483647
886 	 2147483647
887 	 2147483647
888 	 2147483647
889 	 2147483647
890 	 2147483647
891 	 2147483647
892 	 2147483647
893 	 2147483647
894 	 2147483647
895 	 2147483647
896 	 2147483647
897 	 2147483647
898 	 2147483647
899 	 2147483647
900 	 2147483647
901 	 2147483647
902 	 2147483647
903 	 2147483647
904 	 2147483647
905 	 2147483647
906 	 2147483647
907 	 2147483647
908 	 2147483647
909 	 2147483647
910 	 2147483647
911 	 122
912 	 127
913 	 132
914 	 137
915 	 142
916 	 152
917 	 157
918 	 162
919 	 167
920 	 172
921 	 177
922 	 182
923 	 187
924 	 192
925 	 197
926 	 202
927 	 207
928 	 212
929 	 222
930 	 232
931 	 237
932 	 242
933 	 247
934 	 252
935 	 257
936 	 262
937 	 267
938 	 272
939 	 277
940 	 282
941 	 287
942 	 292
943 	 297
944 	 302
945 	 307
946 	 312
947 	 317
948 	 322
949 	 332
950 	 337
951 	 342
952 	 347
953 	 352
954 	 362
955 	 372
956 	 377
957 	 382
958 	 387
959 	 392
960 	 397
961 	 402
962 	 407
963 	 412
964 	 417
965 	 422
966 	 427
967 	 432
968 	 442
969 	 447
970 	 452
971 	 2147483647
972 	 2147483647
973 	 2147483647
974 	 2147483647
975 	 2147483647
976 	 2147483647
977 	 2147483647
978 	 2147483647
979 	 2147483647
980 	 2147483647
981 	 2147483647
982 	 2147483647
983 	 2147483647
984 	 2147483647
985 	 2147483647
986 	 2147483647
987 	 2147483647
988 	 2147483647
989 	 2147483647
990 	 2147483647
991 	 2147483647
992 	 2147483647
993 	 2147483647
994 	 2147483647
995 	 2147483647
996 	 2147483647
997 	 2147483647
998 	 2147483647
999 	 2147483647
1000 	 2147483647
1001 	 2147483647
1002 	 2147483647
1003 	 2147483647
1004 	 2147483647
1005 	 2147483647
1006 	 2147483647
1007 	 2147483647
1008 	 2147483647
1009 	 2147483647
1010 	 135
1011 	 140
1012 	 145
1013 	 150
1014 	 155
1015 	 160
1016 	 165
1017 	 170
1018 	 175
1019 	 185
1020 	 190
1021 	 195
1022 	 200
1023 	 205
1024 	 210
1025 	 215
1026 	 220
1027 	 225
1028 	 230
1029 	 235
1030 	 240
1031 	 245
1032 	 250
1033 	 260
1034 	 265
1035 	 270
1036 	 275
1037 	 280
1038 	 285
1039 	 290
1040 	 295
1041 	 300
1042 	 305
1043 	 310
1044 	 315
1045 	 320
1046 	 330
1047 	 335
1048 	 345
1049 	 350
1050 	 355
1051 	 360
1052 	 365
1053 	 370
1054 	 375
1055 	 380
1056 	 385
1057 	 390
1058 	 395
1059 	 400
1060 	 405
1061 	 410
1062 	 415
1063 	 420
1064 	 425
1065 	 430
1066 	 440
1067 	 445
1068 	 450
1069 	 455
1070 	 460
1071 	 465
1072 	 470
1073 	 475
1074 	 480
1075 	 485
1076 	 490
1077 	 495
1078 	 500
1079 	 505
1080 	 510
1081 	 515
1082 	 520
1083 	 525
1084 	 530
1085 	 535
1086 	 540
1087 	 545
1088 	 2147483647
1089 	 2147483647
1090 	 2147483647
1091 	 2147483647
1092 	 2147483647
1093 	 2147483647
1094 	 2147483647
1095 	 2147483647
1096 	 2147483647
1097 	 2147483647
1098 	 2147483647
1099 	 2147483647
1100 	 2147483647
1101 	 2147483647
1102 	 2147483647
1103 	 2147483647
1104 	 2147483647
1105 	 2147483647
1106 	 2147483647
1107 	 2147483647
1108 	 2147483647
1109 	 2147483647
1110 	 2147483647
1111 	 2147483647
1112 	 2147483647
1113 	 148
1114 	 153
1115 	 158
1116 	 168
1117 	 173
1118 	 178
1119 	 183
1120 	 188
1121 	 198
1122 	 203
1123 	 208
1124 	 218
1125 	 223
1126 	 228
1127 	 233
1128 	 238
1129 	 248
1130 	 253
1131 	 263
1132 	 273
1133 	 278
1134 	 283
1135 	 288
1136 	 293
1137 	 298
1138 	 303
1139 	 308
1140 	 313
1141 	 318
1142 	 323
1143 	 328
1144 	 333
1145 	 343
1146 	 348
1147 	 353
1148 	 358
1149 	 363
1150 	 368
1151 	 373
1152 	 378
1153 	 383
1154 	 388
1155 	 393
1156 	 398
1157 	 403
1158 	 408
1159 	 413
1160 	 418
1161 	 423
1162 	 428
1163 	 433
1164 	 438
1165 	 443
1166 	 453
1167 	 458
1168 	 463
1169 	 468
1170 	 473
1171 	 478
1172 	 483
1173 	 488
1174 	 493
1175 	 498
1176 	 503
1177 	 508
1178 	 513
1179 	 518
1180 	 523
1181 	 543
1182 	 548
1183 	 553
1184 	 558
1185 	 563
1186 	 568
1187 	 573
1188 	 578
1189 	 583
1190 	 588
1191 	 593
1192 	 2147483647
1193 	 2147483647
1194 	 2147483647
1195 	 2147483647
1196 	 2147483647
1197 	 2147483647
1198 	 2147483647
1199 	 2147483647
1200 	 2147483647
1201 	 2147483647
1202 	 2147483647
1203 	 2147483647
1204 	 2147483647
1205 	 2147483647
1206 	 2147483647
1207 	 2147483647
1208 	 2147483647
1209 	 2147483647
1210 	 2147483647
1211 	 2147483647
1212 	 161
1213 	 166
1214 	 171
1215 	 181
1216 	 186
1217 	 191
1218 	 196
1219 	 201
1220 	 206
1221 	 211
1222 	 216
1223 	 221
1224 	 231
1225 	 236
1226 	 241
1227 	 246
1228 	 251
1229 	 261
1230 	 266
1231 	 276
1232 	 281
1233 	 286
1234 	 291
1235 	 296
1236 	 301
1237 	 306
1238 	 311
1239 	 316
1240 	 321
1241 	 326
1242 	 331
1243 	 336
1244 	 341
1245 	 346
1246 	 351
1247 	 356
1248 	 366
1249 	 371
1250 	 376
1251 	 381
1252 	 386
1253 	 391
1254 	 396
1255 	 401
1256 	 406
1257 	 411
1258 	 416
1259 	 421
1260 	 426
1261 	 431
1262 	 436
1263 	 446
1264 	 451
1265 	 456
1266 	 461
1267 	 466
1268 	 471
1269 	 476
1270 	 481
1271 	 486
1272 	 491
1273 	 496
1274 	 501
1275 	 506
1276 	 511
1277 	 516
1278 	 521
1279 	 526
1280 	 531
1281 	 536
1282 	 541
1283 	 546
1284 	 551
1285 	 556
1286 	 561
1287 	 566
1288 	 571
1289 	 576
1290 	 581
1291 	 586
1292 	 591
1293 	 596
1294 	 601
1295 	 606
1296 	 611
1297 	 616
1298 	 621
1299 	 626
1300 	 631
1301 	 2147483647
1302 	 2147483647
1303 	 2147483647
1304 	 2147483647
1305 	 2147483647
1306 	 2147483647
1307 	 2147483647
1308 	 2147483647
1309 	 2147483647
1310 	 2147483647
1311 	 2147483647
1312 	 2147483647
1313 	 2147483647
1314 	 2147483647
1315 	 2147483647
1316 	 2147483647
1317 	 2147483647
1318 	 2147483647
1319 	 2147483647
1320 	 174
1321 	 179
1322 	 184
1323 	 189
1324 	 194
1325 	 199
1326 	 204
1327 	 209
1328 	 214
1329 	 219
1330 	 224
1331 	 229
1332 	 234
1333 	 239
1334 	 244
1335 	 254
1336 	 259
1337 	 264
1338 	 269
1339 	 274
1340 	 279
1341 	 284
1342 	 289
1343 	 294
1344 	 299
1345 	 304
1346 	 309
1347 	 314
1348 	 319
1349 	 324
1350 	 329
1351 	 334
1352 	 339
1353 	 344
1354 	 349
1355 	 354
1356 	 359
1357 	 369
1358 	 379
1359 	 384
1360 	 389
1361 	 394
1362 	 399
1363 	 404
1364 	 409
1365 	 414
1366 	 419
1367 	 424
1368 	 429
1369 	 434
1370 	 439
1371 	 444
1372 	 449
1373 	 459
1374 	 464
1375 	 469
1376 	 479
1377 	 489
1378 	 494
1379 	 499
1380 	 504
1381 	 514
1382 	 519
1383 	 529
1384 	 534
1385 	 539
1386 	 544
1387 	 549
1388 	 559
1389 	 564
1390 	 574
1391 	 579
1392 	 584
1393 	 604
1394 	 609
1395 	 614
1396 	 619
1397 	 624
1398 	 629
1399 	 634
1400 	 644
1401 	 649
1402 	 654
1403 	 659
1404 	 664
1405 	 669
1406 	 674
1407 	 679
1408 	 684
1409 	 2147483647
1410 	 2147483647
1411 	 2147483647
1412 	 2147483647
1413 	 2147483647
1414 	 2147483647
1415 	 197
1416 	 202
1417 	 207
1418 	 227
1419 	 232
1420 	 252
1421 	 257
1422 	 267
1423 	 272
1424 	 292
1425 	 297
1426 	 302
1427 	 307
1428 	 312
1429 	 317
1430 	 322
1431 	 327
1432 	 332
1433 	 337
1434 	 342
1435 	 347
1436 	 352
1437 	 357
1438 	 362
1439 	 367
1440 	 372
1441 	 382
1442 	 387
1443 	 392
1444 	 397
1445 	 402
1446 	 407
1447 	 412
1448 	 417
1449 	 422
1450 	 427
1451 	 432
1452 	 437
1453 	 457
1454 	 462
1455 	 467
1456 	 472
1457 	 482
1458 	 492
1459 	 502
1460 	 507
1461 	 512
1462 	 517
1463 	 527
1464 	 532
1465 	 542
1466 	 552
1467 	 562
1468 	 572
1469 	 577
1470 	 587
1471 	 592
1472 	 597
1473 	 602
1474 	 607
1475 	 612
1476 	 617
1477 	 622
1478 	 627
1479 	 632
1480 	 637
1481 	 642
1482 	 647
1483 	 657
1484 	 662
1485 	 672
1486 	 682
1487 	 692
1488 	 697
1489 	 2147483647
1490 	 2147483647
1491 	 2147483647
1492 	 2147483647
1493 	 2147483647
1494 	 2147483647
1495 	 2147483647
1496 	 2147483647
1497 	 2147483647
1498 	 2147483647
1499 	 210
1500 	 215
1501 	 220
1502 	 225
1503 	 230
1504 	 235
1505 	 240
1506 	 245
1507 	 250
1508 	 255
1509 	 260
1510 	 265
1511 	 270
1512 	 275
1513 	 280
1514 	 285
1515 	 290
1516 	 295
1517 	 300
1518 	 305
1519 	 310
1520 	 315
1521 	 320
1522 	 325
1523 	 330
1524 	 335
1525 	 340
1526 	 345
1527 	 350
1528 	 355
1529 	 360
1530 	 365
1531 	 370
1532 	 375
1533 	 380
1534 	 385
1535 	 390
1536 	 395
1537 	 405
1538 	 410
1539 	 420
1540 	 425
1541 	 430
1542 	 440
1543 	 445
1544 	 450
1545 	 455
1546 	 460
1547 	 465
1548 	 470
1549 	 475
1550 	 480
1551 	 485
1552 	 495
1553 	 500
1554 	 505
1555 	 510
1556 	 515
1557 	 520
1558 	 530
1559 	 535
1560 	 540
1561 	 545
1562 	 550
1563 	 555
1564 	 565
1565 	 575
1566 	 580
1567 	 585
1568 	 590
1569 	 595
1570 	 600
1571 	 605
1572 	 610
1573 	 615
1574 	 620
1575 	 625
1576 	 630
1577 	 640
1578 	 650
1579 	 655
1580 	 660
1581 	 665
1582 	 670
1583 	 675
1584 	 685
1585 	 695
1586 	 705
1587 	 710
1588 	 715
1589 	 720
1590 	 725
1591 	 730
1592 	 735
1593 	 740
1594 	 745
1595 	 750
1596 	 755
1597 	 760
1598 	 765
1599 	 770
1600 	 2147483647
1601 	 2147483647
1602 	 223
1603 	 233
1604 	 238
1605 	 243
1606 	 253
1607 	 263
1608 	 268
1609 	 273
1610 	 278
1611 	 283
1612 	 288
1613 	 293
1614 	 298
1615 	 303
1616 	 308
1617 	 313
1618 	 318
1619 	 328
1620 	 338
1621 	 343
1622 	 348
1623 	 358
1624 	 363
1625 	 368
1626 	 373
1627 	 378
1628 	 388
1629 	 393
1630 	 398
1631 	 408
1632 	 418
1633 	 423
1634 	 433
1635 	 438
1636 	 443
1637 	 453
1638 	 458
1639 	 463
1640 	 468
1641 	 473
1642 	 478
1643 	 483
1644 	 488
1645 	 493
1646 	 498
1647 	 503
1648 	 508
1649 	 513
1650 	 518
1651 	 523
1652 	 528
1653 	 533
1654 	 543
1655 	 548
1656 	 553
1657 	 558
1658 	 563
1659 	 568
1660 	 573
1661 	 578
1662 	 583
1663 	 588
1664 	 593
1665 	 598
1666 	 603
1667 	 608
1668 	 613
1669 	 618
1670 	 623
1671 	 628
1672 	 633
1673 	 638
1674 	 643
1675 	 653
1676 	 663
1677 	 668
1678 	 673
1679 	 678
1680 	 683
1681 	 688
1682 	 693
1683 	 698
1684 	 703
1685 	 708
1686 	 713
1687 	 718
1688 	 723
1689 	 728
1690 	 733
1691 	 743
1692 	 753
1693 	 758
1694 	 763
1695 	 768
1696 	 773
1697 	 778
1698 	 2147483647
1699 	 2147483647
1700 	 236
1701 	 246
1702 	 251
1703 	 256
1704 	 266
1705 	 276
1706 	 281
1707 	 286
1708 	 291
1709 	 296
1710 	 301
1711 	 306
1712 	 326
1713 	 331
1714 	 341
1715 	 351
1716 	 356
1717 	 361
1718 	 371
1719 	 381
1720 	 391
1721 	 401
1722 	 406
1723 	 411
1724 	 421
1725 	 426
1726 	 431
1727 	 436
1728 	 441
1729 	 446
1730 	 456
1731 	 461
1732 	 466
1733 	 471
1734 	 476
1735 	 481
1736 	 486
1737 	 491
1738 	 496
1739 	 501
1740 	 506
1741 	 516
1742 	 521
1743 	 541
1744 	 546
1745 	 551
1746 	 556
1747 	 561
1748 	 566
1749 	 571
1750 	 576
1751 	 586
1752 	 596
1753 	 606
1754 	 616
1755 	 621
1756 	 626
1757 	 631
1758 	 636
1759 	 641
1760 	 651
1761 	 656
1762 	 661
1763 	 666
1764 	 671
1765 	 676
1766 	 696
1767 	 701
1768 	 711
1769 	 731
1770 	 736
1771 	 746
1772 	 756
1773 	 766
1774 	 771
1775 	 776
1776 	 781
1777 	 786
1778 	 791
1779 	 796
1780 	 2147483647
1781 	 2147483647
1782 	 2147483647
1783 	 249
1784 	 254
1785 	 259
1786 	 269
1787 	 274
1788 	 279
1789 	 284
1790 	 289
1791 	 294
1792 	 304
1793 	 314
1794 	 319
1795 	 324
1796 	 329
1797 	 334
1798 	 339
1799 	 344
1800 	 349
1801 	 354
1802 	 359
1803 	 364
1804 	 369
1805 	 374
1806 	 379
1807 	 384
1808 	 394
1809 	 404
1810 	 409
1811 	 414
1812 	 419
1813 	 424
1814 	 429
1815 	 434
1816 	 454
1817 	 459
1818 	 469
1819 	 474
1820 	 479
1821 	 484
1822 	 489
1823 	 494
1824 	 499
1825 	 504
1826 	 509
1827 	 514
1828 	 519
1829 	 529
1830 	 534
1831 	 539
1832 	 544
1833 	 549
1834 	 554
1835 	 559
1836 	 564
1837 	 584
1838 	 589
1839 	 599
1840 	 609
1841 	 619
1842 	 629
1843 	 649
1844 	 654
1845 	 664
1846 	 669
1847 	 674
1848 	 679
1849 	 684
1850 	 689
1851 	 694
1852 	 699
1853 	 704
1854 	 709
1855 	 714
1856 	 724
1857 	 729
1858 	 734
1859 	 739
1860 	 744
1861 	 749
1862 	 759
1863 	 764
1864 	 769
1865 	 774
1866 	 779
1867 	 784
1868 	 789
1869 	 794
1870 	 799
1871 	 804
1872 	 809
1873 	 2147483647
1874 	 2147483647
1875 	 2147483647
1876 	 2147483647
1877 	 267
1878 	 272
1879 	 282
1880 	 302
1881 	 307
1882 	 317
1883 	 327
1884 	 347
1885 	 352
1886 	 362
1887 	 367
1888 	 372
1889 	 377
1890 	 382
1891 	 387
1892 	 392
1893 	 397
1894 	 402
1895 	 407
1896 	 412
1897 	 417
1898 	 422
1899 	 427
1900 	 432
1901 	 437
1902 	 442
1903 	 447
1904 	 452
1905 	 457
1906 	 462
1907 	 467
1908 	 472
1909 	 477
1910 	 482
1911 	 487
1912 	 492
1913 	 497
1914 	 502
1915 	 507
1916 	 512
1917 	 517
1918 	 522
1919 	 527
1920 	 532
1921 	 537
1922 	 542
1923 	 547
1924 	 557
1925 	 567
1926 	 572
1927 	 577
1928 	 582
1929 	 587
1930 	 592
1931 	 597
1932 	 602
1933 	 607
1934 	 612
1935 	 617
1936 	 622
1937 	 627
1938 	 632
1939 	 637
1940 	 642
1941 	 647
1942 	 652
1943 	 657
1944 	 662
1945 	 667
1946 	 672
1947 	 677
1948 	 682
1949 	 687
1950 	 692
1951 	 697
1952 	 702
1953 	 707
1954 	 712
1955 	 717
1956 	 727
1957 	 732
1958 	 737
1959 	 747
1960 	 752
1961 	 757
1962 	 762
1963 	 767
1964 	 772
1965 	 777
1966 	 782
1967 	 787
1968 	 792
1969 	 797
1970 	 807
1971 	 812
1972 	 817
1973 	 822
1974 	 2147483647
1975 	 2147483647
1976 	 2147483647
1977 	 2147483647
1978 	 280
1979 	 285
1980 	 290
1981 	 295
1982 	 300
1983 	 305
1984 	 310
1985 	 315
1986 	 320
1987 	 325
1988 	 330
1989 	 335
1990 	 340
1991 	 345
1992 	 350
1993 	 355
1994 	 360
1995 	 365
1996 	 375
1997 	 380
1998 	 400
1999 	 405
2000 	 410
2001 	 415
2002 	 420
2003 	 425
2004 	 445
2005 	 450
2006 	 455
2007 	 460
2008 	 465
2009 	 470
2010 	 475
2011 	 480
2012 	 485
2013 	 490
2014 	 495
2015 	 500
2016 	 505
2017 	 510
2018 	 515
2019 	 520
2020 	 525
2021 	 530
2022 	 535
2023 	 540
2024 	 545
2025 	 550
2026 	 555
2027 	 560
2028 	 570
2029 	 580
2030 	 590
2031 	 610
2032 	 615
2033 	 620
2034 	 630
2035 	 635
2036 	 640
2037 	 660
2038 	 665
2039 	 670
2040 	 675
2041 	 680
2042 	 685
2043 	 690
2044 	 695
2045 	 700
2046 	 710
2047 	 715
2048 	 720
2049 	 725
2050 	 730
2051 	 740
2052 	 745
2053 	 750
2054 	 760
2055 	 780
2056 	 785
2057 	 790
2058 	 795
2059 	 800
2060 	 805
2061 	 810
2062 	 820
2063 	 825
2064 	 830
2065 	 835
2066 	 2147483647
2067 	 2147483647
2068 	 2147483647
2069 	 2147483647
2070 	 293
2071 	 298
2072 	 303
2073 	 308
2074 	 313
2075 	 318
2076 	 328
2077 	 333
2078 	 338
2079 	 343
2080 	 348
2081 	 353
2082 	 358
2083 	 363
2084 	 368
2085 	 373
2086 	 378
2087 	 383
2088 	 388
2089 	 393
2090 	 398
2091 	 403
2092 	 408
2093 	 413
2094 	 418
2095 	 438
2096 	 443
2097 	 448
2098 	 453
2099 	 458
2100 	 463
2101 	 473
2102 	 478
2103 	 483
2104 	 488
2105 	 493
2106 	 498
2107 	 503
2108 	 513
2109 	 518
2110 	 523
2111 	 528
2112 	 533
2113 	 538
2114 	 543
2115 	 548
2116 	 553
2117 	 558
2118 	 563
2119 	 568
2120 	 573
2121 	 578
2122 	 583
2123 	 588
2124 	 593
2125 	 603
2126 	 608
2127 	 613
2128 	 618
2129 	 623
2130 	 628
2131 	 633
2132 	 643
2133 	 653
2134 	 658
2135 	 663
2136 	 668
2137 	 673
2138 	 678
2139 	 683
2140 	 688
2141 	 693
2142 	 698
2143 	 703
2144 	 708
2145 	 713
2146 	 723
2147 	 743
2148 	 748
2149 	 753
2150 	 763
2151 	 768
2152 	 773
2153 	 778
2154 	 783
2155 	 788
2156 	 793
2157 	 798
2158 	 808
2159 	 813
2160 	 818
2161 	 823
2162 	 828
2163 	 833
2164 	 838
2165 	 843
2166 	 848
2167 	 2147483647
2168 	 2147483647
2169 	 2147483647
2170 	 2147483647
2171 	 306
2172 	 311
2173 	 316
2174 	 321
2175 	 326
2176 	 331
2177 	 341
2178 	 346
2179 	 351
2180 	 356
2181 	 361
2182 	 366
2183 	 371
2184 	 376
2185 	 381
2186 	 386
2187 	 391
2188 	 401
2189 	 406
2190 	 411
2191 	 416
2192 	 421
2193 	 426
2194 	 431
2195 	 436
2196 	 441
2197 	 446
2198 	 451
2199 	 456
2200 	 461
2201 	 466
2202 	 471
2203 	 476
2204 	 486
2205 	 496
2206 	 501
2207 	 506
2208 	 511
2209 	 516
2210 	 526
2211 	 531
2212 	 536
2213 	 541
2214 	 546
2215 	 551
2216 	 556
2217 	 561
2218 	 566
2219 	 571
2220 	 576
2221 	 581
2222 	 586
2223 	 591
2224 	 596
2225 	 601
2226 	 606
2227 	 611
2228 	 616
2229 	 621
2230 	 626
2231 	 631
2232 	 636
2233 	 646
2234 	 651
2235 	 656
2236 	 666
2237 	 671
2238 	 676
2239 	 681
2240 	 686
2241 	 691
2242 	 696
2243 	 701
2244 	 711
2245 	 716
2246 	 721
2247 	 726
2248 	 731
2249 	 736
2250 	 741
2251 	 746
2252 	 751
2253 	 756
2254 	 761
2255 	 766
2256 	 776
2257 	 781
2258 	 786
2259 	 791
2260 	 796
2261 	 801
2262 	 811
2263 	 821
2264 	 826
2265 	 831
2266 	 836
2267 	 856
2268 	 861
2269 	 2147483647
2270 	 2147483647
2271 	 2147483647
2272 	 329
2273 	 334
2274 	 344
2275 	 349
2276 	 354
2277 	 359
2278 	 364
2279 	 369
2280 	 374
2281 	 379
2282 	 384
2283 	 389
2284 	 394
2285 	 399
2286 	 404
2287 	 414
2288 	 424
2289 	 429
2290 	 434
2291 	 439
2292 	 444
2293 	 454
2294 	 464
2295 	 484
2296 	 489
2297 	 494
2298 	 499
2299 	 509
2300 	 514
2301 	 519
2302 	 524
2303 	 529
2304 	 534
2305 	 539
2306 	 544
2307 	 549
2308 	 554
2309 	 559
2310 	 564
2311 	 569
2312 	 574
2313 	 579
2314 	 584
2315 	 589
2316 	 594
2317 	 599
2318 	 609
2319 	 614
2320 	 619
2321 	 624
2322 	 629
2323 	 639
2324 	 644
2325 	 649
2326 	 659
2327 	 664
2328 	 669
2329 	 674
2330 	 679
2331 	 699
2332 	 704
2333 	 714
2334 	 724
2335 	 734
2336 	 739
2337 	 744
2338 	 749
2339 	 759
2340 	 764
2341 	 769
2342 	 774
2343 	 779
2344 	 784
2345 	 789
2346 	 794
2347 	 799
2348 	 804
2349 	 809
2350 	 814
2351 	 824
2352 	 829
2353 	 834
2354 	 839
2355 	 844
2356 	 849
2357 	 854
2358 	 859
2359 	 864
2360 	 869
2361 	 874
2362 	 2147483647
2363 	 2147483647
2364 	 2147483647
2365 	 2147483647
2366 	 2147483647
2367 	 2147483647
2368 	 342
2369 	 347
2370 	 357
2371 	 362
2372 	 367
2373 	 372
2374 	 377
2375 	 382
2376 	 402
2377 	 407
2378 	 412
2379 	 417
2380 	 422
2381 	 427
2382 	 437
2383 	 442
2384 	 447
2385 	 452
2386 	 457
2387 	 467
2388 	 477
2389 	 482
2390 	 487
2391 	 492
2392 	 497
2393 	 502
2394 	 507
2395 	 512
2396 	 517
2397 	 522
2398 	 532
2399 	 537
2400 	 542
2401 	 547
2402 	 552
2403 	 557
2404 	 562
2405 	 567
2406 	 572
2407 	 577
2408 	 582
2409 	 587
2410 	 592
2411 	 597
2412 	 602
2413 	 607
2414 	 612
2415 	 622
2416 	 627
2417 	 632
2418 	 642
2419 	 652
2420 	 657
2421 	 662
2422 	 667
2423 	 672
2424 	 677
2425 	 687
2426 	 692
2427 	 697
2428 	 702
2429 	 707
2430 	 712
2431 	 717
2432 	 727
2433 	 732
2434 	 737
2435 	 747
2436 	 752
2437 	 762
2438 	 772
2439 	 782
2440 	 787
2441 	 792
2442 	 797
2443 	 802
2444 	 807
2445 	 812
2446 	 817
2447 	 822
2448 	 827
2449 	 832
2450 	 837
2451 	 847
2452 	 852
2453 	 857
2454 	 862
2455 	 867
2456 	 872
2457 	 877
2458 	 882
2459 	 887
2460 	 2147483647
2461 	 2147483647
2462 	 2147483647
2463 	 2147483647
2464 	 2147483647
2465 	 2147483647
2466 	 355
2467 	 360
2468 	 365
2469 	 370
2470 	 375
2471 	 380
2472 	 385
2473 	 390
2474 	 395
2475 	 400
2476 	 405
2477 	 410
2478 	 415
2479 	 420
2480 	 425
2481 	 430
2482 	 435
2483 	 440
2484 	 445
2485 	 450
2486 	 455
2487 	 460
2488 	 465
2489 	 470
2490 	 475
2491 	 480
2492 	 485
2493 	 490
2494 	 500
2495 	 505
2496 	 510
2497 	 515
2498 	 520
2499 	 525
2500 	 530
2501 	 535
2502 	 545
2503 	 550
2504 	 555
2505 	 560
2506 	 565
2507 	 570
2508 	 575
2509 	 580
2510 	 585
2511 	 590
2512 	 595
2513 	 600
2514 	 605
2515 	 610
2516 	 615
2517 	 620
2518 	 625
2519 	 630
2520 	 635
2521 	 640
2522 	 645
2523 	 655
2524 	 660
2525 	 665
2526 	 670
2527 	 675
2528 	 685
2529 	 690
2530 	 700
2531 	 720
2532 	 725
2533 	 730
2534 	 735
2535 	 740
2536 	 745
2537 	 750
2538 	 755
2539 	 760
2540 	 765
2541 	 775
2542 	 780
2543 	 785
2544 	 795
2545 	 815
2546 	 820
2547 	 830
2548 	 835
2549 	 840
2550 	 845
2551 	 850
2552 	 860
2553 	 865
2554 	 870
2555 	 875
2556 	 880
2557 	 885
2558 	 890
2559 	 900
2560 	 2147483647
2561 	 2147483647
2562 	 2147483647
2563 	 2147483647
2564 	 2147483647
2565 	 2147483647
2566 	 368
2567 	 373
2568 	 383
2569 	 388
2570 	 393
2571 	 398
2572 	 403
2573 	 408
2574 	 413
2575 	 418
2576 	 423
2577 	 428
2578 	 433
2579 	 438
2580 	 443
2581 	 453
2582 	 458
2583 	 463
2584 	 468
2585 	 478
2586 	 483
2587 	 488
2588 	 493
2589 	 498
2590 	 503
2591 	 513
2592 	 518
2593 	 523
2594 	 528
2595 	 533
2596 	 538
2597 	 543
2598 	 548
2599 	 553
2600 	 558
2601 	 563
2602 	 573
2603 	 578
2604 	 583
2605 	 593
2606 	 598
2607 	 603
2608 	 608
2609 	 613
2610 	 618
2611 	 623
2612 	 628
2613 	 633
2614 	 653
2615 	 658
2616 	 663
2617 	 668
2618 	 673
2619 	 678
2620 	 683
2621 	 688
2622 	 698
2623 	 703
2624 	 708
2625 	 713
2626 	 718
2627 	 723
2628 	 728
2629 	 733
2630 	 738
2631 	 743
2632 	 763
2633 	 768
2634 	 773
2635 	 778
2636 	 783
2637 	 788
2638 	 793
2639 	 798
2640 	 803
2641 	 808
2642 	 813
2643 	 818
2644 	 823
2645 	 828
2646 	 833
2647 	 843
2648 	 863
2649 	 868
2650 	 873
2651 	 883
2652 	 888
2653 	 893
2654 	 898
2655 	 903
2656 	 913
2657 	 2147483647
2658 	 2147483647
2659 	 2147483647
2660 	 2147483647
2661 	 2147483647
2662 	 2147483647
2663 	 381
2664 	 386
2665 	 396
2666 	 401
2667 	 406
2668 	 426
2669 	 431
2670 	 436
2671 	 441
2672 	 446
2673 	 451
2674 	 456
2675 	 466
2676 	 471
2677 	 476
2678 	 481
2679 	 491
2680 	 496
2681 	 506
2682 	 511
2683 	 516
2684 	 521
2685 	 526
2686 	 531
2687 	 536
2688 	 541
2689 	 546
2690 	 551
2691 	 571
2692 	 576
2693 	 586
2694 	 591
2695 	 596
2696 	 606
2697 	 611
2698 	 616
2699 	 621
2700 	 631
2701 	 636
2702 	 641
2703 	 646
2704 	 651
2705 	 656
2706 	 661
2707 	 666
2708 	 671
2709 	 676
2710 	 681
2711 	 686
2712 	 691
2713 	 696
2714 	 701
2715 	 706
2716 	 711
2717 	 716
2718 	 721
2719 	 726
2720 	 731
2721 	 736
2722 	 741
2723 	 746
2724 	 751
2725 	 756
2726 	 761
2727 	 766
2728 	 771
2729 	 776
2730 	 781
2731 	 786
2732 	 791
2733 	 796
2734 	 801
2735 	 806
2736 	 811
2737 	 816
2738 	 821
2739 	 826
2740 	 831
2741 	 836
2742 	 841
2743 	 846
2744 	 851
2745 	 856
2746 	 861
2747 	 866
2748 	 871
2749 	 876
2750 	 881
2751 	 886
2752 	 896
2753 	 901
2754 	 906
2755 	 911
2756 	 916
2757 	 921
2758 	 926
2759 	 2147483647
2760 	 2147483647
2761 	 2147483647
2762 	 394
2763 	 399
2764 	 404
2765 	 409
2766 	 419
2767 	 424
2768 	 429
2769 	 434
2770 	 439
2771 	 449
2772 	 454
2773 	 459
2774 	 469
2775 	 474
2776 	 479
2777 	 484
2778 	 489
2779 	 494
2780 	 499
2781 	 504
2782 	 509
2783 	 519
2784 	 524
2785 	 529
2786 	 534
2787 	 539
2788 	 544
2789 	 554
2790 	 559
2791 	 564
2792 	 569
2793 	 574
2794 	 579
2795 	 584
2796 	 589
2797 	 594
2798 	 599
2799 	 604
2800 	 609
2801 	 614
2802 	 619
2803 	 624
2804 	 629
2805 	 634
2806 	 644
2807 	 649
2808 	 654
2809 	 659
2810 	 664
2811 	 669
2812 	 679
2813 	 684
2814 	 689
2815 	 699
2816 	 709
2817 	 714
2818 	 724
2819 	 729
2820 	 734
2821 	 744
2822 	 749
2823 	 754
2824 	 759
2825 	 764
2826 	 769
2827 	 774
2828 	 784
2829 	 789
2830 	 794
2831 	 799
2832 	 804
2833 	 809
2834 	 814
2835 	 819
2836 	 824
2837 	 829
2838 	 849
2839 	 854
2840 	 864
2841 	 869
2842 	 874
2843 	 879
2844 	 884
2845 	 889
2846 	 894
2847 	 899
2848 	 904
2849 	 909
2850 	 914
2851 	 924
2852 	 929
2853 	 934
2854 	 939
2855 	 2147483647
2856 	 2147483647
2857 	 2147483647
2858 	 412
2859 	 422
2860 	 432
2861 	 437
2862 	 442
2863 	 447
2864 	 452
2865 	 462
2866 	 472
2867 	 482
2868 	 487
2869 	 492
2870 	 497
2871 	 502
2872 	 507
2873 	 512
2874 	 517
2875 	 522
2876 	 527
2877 	 532
2878 	 537
2879 	 542
2880 	 547
2881 	 552
2882 	 557
2883 	 567
2884 	 572
2885 	 577
2886 	 582
2887 	 602
2888 	 607
2889 	 617
2890 	 622
2891 	 627
2892 	 632
2893 	 637
2894 	 647
2895 	 652
2896 	 657
2897 	 662
2898 	 667
2899 	 672
2900 	 682
2901 	 692
2902 	 702
2903 	 712
2904 	 722
2905 	 727
2906 	 737
2907 	 747
2908 	 757
2909 	 762
2910 	 767
2911 	 772
2912 	 777
2913 	 782
2914 	 787
2915 	 797
2916 	 807
2917 	 812
2918 	 817
2919 	 822
2920 	 827
2921 	 832
2922 	 837
2923 	 842
2924 	 847
2925 	 852
2926 	 857
2927 	 862
2928 	 867
2929 	 877
2930 	 887
2931 	 897
2932 	 902
2933 	 907
2934 	 912
2935 	 917
2936 	 927
2937 	 937
2938 	 947
2939 	 952
2940 	 2147483647
2941 	 2147483647
2942 	 2147483647
2943 	 2147483647
2944 	 2147483647
2945 	 2147483647
2946 	 425
2947 	 435
2948 	 440
2949 	 445
2950 	 450
2951 	 455
2952 	 460
2953 	 465
2954 	 470
2955 	 475
2956 	 485
2957 	 490
2958 	 495
2959 	 500
2960 	 505
2961 	 515
2962 	 520
2963 	 525
2964 	 530
2965 	 535
2966 	 540
2967 	 545
2968 	 550
2969 	 555
2970 	 560
2971 	 565
2972 	 570
2973 	 575
2974 	 580
2975 	 585
2976 	 590
2977 	 595
2978 	 600
2979 	 605
2980 	 610
2981 	 615
2982 	 620
2983 	 630
2984 	 635
2985 	 640
2986 	 645
2987 	 650
2988 	 660
2989 	 665
2990 	 670
2991 	 675
2992 	 680
2993 	 685
2994 	 695
2995 	 700
2996 	 705
2997 	 715
2998 	 720
2999 	 725
3000 	 730
3001 	 735
3002 	 740
3003 	 745
3004 	 750
3005 	 760
3006 	 765
3007 	 770
3008 	 790
3009 	 795
3010 	 800
3011 	 805
3012 	 810
3013 	 820
3014 	 825
3015 	 830
3016 	 835
3017 	 840
3018 	 845
3019 	 850
3020 	 860
3021 	 865
3022 	 875
3023 	 880
3024 	 885
3025 	 890
3026 	 900
3027 	 910
3028 	 920
3029 	 930
3030 	 940
3031 	 945
3032 	 950
3033 	 960
3034 	 965
3035 	 2147483647
3036 	 2147483647
3037 	 2147483647
3038 	 2147483647
3039 	 2147483647
3040 	 2147483647
3041 	 2147483647
3042 	 438
3043 	 443
3044 	 448
3045 	 453
3046 	 473
3047 	 478
3048 	 488
3049 	 493
3050 	 498
3051 	 503
3052 	 508
3053 	 513
3054 	 518
3055 	 528
3056 	 533
3057 	 538
3058 	 543
3059 	 548
3060 	 553
3061 	 558
3062 	 563
3063 	 573
3064 	 583
3065 	 588
3066 	 593
3067 	 603
3068 	 608
3069 	 628
3070 	 633
3071 	 638
3072 	 643
3073 	 648
3074 	 653
3075 	 658
3076 	 663
3077 	 668
3078 	 673
3079 	 678
3080 	 683
3081 	 688
3082 	 693
3083 	 698
3084 	 703
3085 	 708
3086 	 713
3087 	 718
3088 	 723
3089 	 728
3090 	 733
3091 	 738
3092 	 758
3093 	 763
3094 	 768
3095 	 773
3096 	 778
3097 	 783
3098 	 788
3099 	 793
3100 	 798
3101 	 803
3102 	 808
3103 	 818
3104 	 823
3105 	 828
3106 	 833
3107 	 838
3108 	 848
3109 	 853
3110 	 858
3111 	 863
3112 	 873
3113 	 878
3114 	 888
3115 	 893
3116 	 898
3117 	 903
3118 	 908
3119 	 913
3120 	 918
3121 	 923
3122 	 933
3123 	 943
3124 	 948
3125 	 953
3126 	 958
3127 	 963
3128 	 968
3129 	 973
3130 	 978
3131 	 2147483647
3132 	 2147483647
3133 	 2147483647
3134 	 2147483647
3135 	 451
3136 	 456
3137 	 461
3138 	 466
3139 	 471
3140 	 476
3141 	 481
3142 	 486
3143 	 491
3144 	 501
3145 	 511
3146 	 516
3147 	 521
3148 	 526
3149 	 531
3150 	 536
3151 	 541
3152 	 561
3153 	 566
3154 	 576
3155 	 586
3156 	 596
3157 	 601
3158 	 606
3159 	 616
3160 	 621
3161 	 626
3162 	 631
3163 	 636
3164 	 641
3165 	 646
3166 	 651
3167 	 656
3168 	 661
3169 	 666
3170 	 671
3171 	 676
3172 	 681
3173 	 686
3174 	 691
3175 	 696
3176 	 701
3177 	 706
3178 	 711
3179 	 716
3180 	 721
3181 	 741
3182 	 746
3183 	 751
3184 	 756
3185 	 761
3186 	 766
3187 	 771
3188 	 776
3189 	 781
3190 	 786
3191 	 791
3192 	 796
3193 	 801
3194 	 806
3195 	 811
3196 	 816
3197 	 821
3198 	 831
3199 	 836
3200 	 841
3201 	 846
3202 	 851
3203 	 861
3204 	 866
3205 	 871
3206 	 876
3207 	 881
3208 	 886
3209 	 891
3210 	 896
3211 	 901
3212 	 911
3213 	 916
3214 	 921
3215 	 926
3216 	 931
3217 	 936
3218 	 941
3219 	 946
3220 	 951
3221 	 956
3222 	 966
3223 	 971
3224 	 976
3225 	 981
3226 	 986
3227 	 991
3228 	 2147483647
3229 	 2147483647
3230 	 2147483647
3231 	 2147483647
3232 	 2147483647
3233 	 2147483647
3234 	 464
3235 	 474
3236 	 479
3237 	 484
3238 	 489
3239 	 494
3240 	 499
3241 	 504
3242 	 509
3243 	 514
3244 	 524
3245 	 534
3246 	 539
3247 	 544
3248 	 549
3249 	 554
3250 	 559
3251 	 564
3252 	 569
3253 	 574
3254 	 579
3255 	 589
3256 	 594
3257 	 599
3258 	 604
3259 	 609
3260 	 614
3261 	 619
3262 	 624
3263 	 629
3264 	 634
3265 	 639
3266 	 644
3267 	 654
3268 	 659
3269 	 664
3270 	 669
3271 	 674
3272 	 679
3273 	 689
3274 	 699
3275 	 704
3276 	 714
3277 	 719
3278 	 724
3279 	 734
3280 	 739
3281 	 744
3282 	 749
3283 	 754
3284 	 759
3285 	 764
3286 	 769
3287 	 774
3288 	 779
3289 	 784
3290 	 789
3291 	 799
3292 	 804
3293 	 809
3294 	 814
3295 	 819
3296 	 824
3297 	 829
3298 	 834
3299 	 839
3300 	 844
3301 	 849
3302 	 854
3303 	 859
3304 	 864
3305 	 869
3306 	 874
3307 	 879
3308 	 884
3309 	 889
3310 	 894
3311 	 899
3312 	 904
3313 	 914
3314 	 924
3315 	 929
3316 	 934
3317 	 939
3318 	 944
3319 	 949
3320 	 954
3321 	 959
3322 	 964
3323 	 969
3324 	 979
3325 	 984
3326 	 989
3327 	 994
3328 	 999
3329 	 1004
3330 	 2147483647
3331 	 2147483647
3332 	 2147483647
3333 	 2147483647
3334 	 2147483647
3335 	 2147483647
3336 	 477
3337 	 487
3338 	 507
3339 	 512
3340 	 517
3341 	 522
3342 	 527
3343 	 532
3344 	 537
3345 	 547
3346 	 552
3347 	 557
3348 	 562
3349 	 567
3350 	 572
3351 	 577
3352 	 582
3353 	 587
3354 	 592
3355 	 597
3356 	 602
3357 	 607
3358 	 612
3359 	 632
3360 	 637
3361 	 642
3362 	 647
3363 	 652
3364 	 657
3365 	 667
3366 	 672
3367 	 677
3368 	 682
3369 	 687
3370 	 692
3371 	 702
3372 	 712
3373 	 717
3374 	 727
3375 	 737
3376 	 747
3377 	 752
3378 	 757
3379 	 762
3380 	 767
3381 	 772
3382 	 777
3383 	 782
3384 	 787
3385 	 792
3386 	 797
3387 	 802
3388 	 812
3389 	 817
3390 	 822
3391 	 827
3392 	 847
3393 	 852
3394 	 857
3395 	 862
3396 	 867
3397 	 872
3398 	 877
3399 	 882
3400 	 887
3401 	 892
3402 	 897
3403 	 902
3404 	 907
3405 	 912
3406 	 917
3407 	 927
3408 	 932
3409 	 937
3410 	 942
3411 	 947
3412 	 952
3413 	 962
3414 	 967
3415 	 972
3416 	 977
3417 	 982
3418 	 987
3419 	 992
3420 	 997
3421 	 1002
3422 	 1012
3423 	 1017
3424 	 2147483647
3425 	 2147483647
3426 	 2147483647
3427 	 2147483647
3428 	 2147483647
3429 	 2147483647
3430 	 2147483647
3431 	 490
3432 	 495
3433 	 500
3434 	 505
3435 	 510
3436 	 515
3437 	 520
3438 	 525
3439 	 530
3440 	 535
3441 	 545
3442 	 550
3443 	 555
3444 	 560
3445 	 565
3446 	 570
3447 	 575
3448 	 580
3449 	 600
3450 	 605
3451 	 610
3452 	 615
3453 	 620
3454 	 625
3455 	 630
3456 	 635
3457 	 640
3458 	 645
3459 	 650
3460 	 655
3461 	 660
3462 	 665
3463 	 670
3464 	 675
3465 	 680
3466 	 690
3467 	 695
3468 	 700
3469 	 705
3470 	 710
3471 	 715
3472 	 720
3473 	 725
3474 	 730
3475 	 735
3476 	 740
3477 	 750
3478 	 755
3479 	 760
3480 	 765
3481 	 770
3482 	 775
3483 	 780
3484 	 785
3485 	 790
3486 	 795
3487 	 800
3488 	 805
3489 	 810
3490 	 815
3491 	 820
3492 	 825
3493 	 830
3494 	 835
3495 	 840
3496 	 845
3497 	 850
3498 	 855
3499 	 860
3500 	 865
3501 	 870
3502 	 875
3503 	 880
3504 	 885
3505 	 890
3506 	 895
3507 	 905
3508 	 910
3509 	 915
3510 	 920
3511 	 925
3512 	 930
3513 	 935
3514 	 940
3515 	 960
3516 	 965
3517 	 975
3518 	 980
3519 	 990
3520 	 1010
3521 	 1015
3522 	 1025
3523 	 2147483647
3524 	 2147483647
3525 	 2147483647
3526 	 2147483647
3527 	 2147483647
3528 	 2147483647
3529 	 503
3530 	 508
3531 	 513
3532 	 518
3533 	 523
3534 	 528
3535 	 533
3536 	 538
3537 	 543
3538 	 548
3539 	 558
3540 	 578
3541 	 583
3542 	 588
3543 	 593
3544 	 598
3545 	 603
3546 	 608
3547 	 613
3548 	 618
3549 	 623
3550 	 628
3551 	 633
3552 	 638
3553 	 643
3554 	 648
3555 	 653
3556 	 658
3557 	 663
3558 	 668
3559 	 673
3560 	 678
3561 	 683
3562 	 693
3563 	 703
3564 	 708
3565 	 713
3566 	 718
3567 	 723
3568 	 728
3569 	 738
3570 	 743
3571 	 748
3572 	 753
3573 	 758
3574 	 763
3575 	 768
3576 	 773
3577 	 778
3578 	 783
3579 	 788
3580 	 793
3581 	 798
3582 	 803
3583 	 808
3584 	 818
3585 	 823
3586 	 828
3587 	 833
3588 	 838
3589 	 843
3590 	 848
3591 	 853
3592 	 858
3593 	 863
3594 	 868
3595 	 873
3596 	 878
3597 	 883
3598 	 888
3599 	 893
3600 	 898
3601 	 903
3602 	 908
3603 	 918
3604 	 923
3605 	 928
3606 	 933
3607 	 938
3608 	 943
3609 	 953
3610 	 958
3611 	 963
3612 	 968
3613 	 973
3614 	 978
3615 	 983
3616 	 988
3617 	 993
3618 	 1003
3619 	 1008
3620 	 1013
3621 	 1018
3622 	 1023
3623 	 1028
3624 	 1033
3625 	 1038
