
Tempo total de execução: 8.000000 milissegundo(s).

0 	 2147483647
1 	 0
2 	 5
3 	 10
4 	 15
5 	 20
6 	 25
7 	 30
8 	 35
9 	 40
10 	 45
11 	 50
12 	 55
13 	 60
14 	 65
15 	 70
16 	 75
17 	 80
18 	 85
19 	 90
20 	 95
21 	 100
22 	 105
23 	 110
24 	 115
25 	 120
26 	 125
27 	 130
28 	 135
29 	 140
30 	 145
31 	 150
32 	 155
33 	 160
34 	 165
35 	 170
36 	 175
37 	 180
38 	 185
39 	 190
40 	 195
41 	 200
42 	 205
43 	 210
44 	 215
45 	 220
46 	 225
47 	 230
48 	 235
49 	 240
50 	 245
51 	 250
52 	 255
53 	 260
54 	 265
55 	 270
56 	 275
57 	 280
58 	 285
59 	 290
60 	 295
61 	 300
62 	 305
63 	 310
64 	 315
65 	 320
66 	 325
67 	 330
68 	 335
69 	 340
70 	 345
71 	 350
72 	 355
73 	 360
74 	 365
75 	 370
76 	 375
77 	 380
78 	 385
79 	 390
80 	 395
81 	 400
82 	 405
83 	 410
84 	 415
85 	 420
86 	 425
87 	 430
88 	 435
89 	 440
90 	 445
91 	 13
92 	 18
93 	 23
94 	 28
95 	 33
96 	 38
97 	 48
98 	 53
99 	 58
100 	 63
101 	 68
102 	 73
103 	 83
104 	 88
105 	 98
106 	 103
107 	 113
108 	 118
109 	 123
110 	 128
111 	 133
112 	 138
113 	 143
114 	 153
115 	 163
116 	 168
117 	 173
118 	 178
119 	 183
120 	 188
121 	 193
122 	 203
123 	 213
124 	 218
125 	 223
126 	 233
127 	 243
128 	 263
129 	 268
130 	 273
131 	 278
132 	 283
133 	 288
134 	 293
135 	 298
136 	 303
137 	 308
138 	 313
139 	 318
140 	 323
141 	 328
142 	 333
143 	 338
144 	 343
145 	 353
146 	 363
147 	 368
148 	 373
149 	 378
150 	 383
151 	 388
152 	 393
153 	 398
154 	 403
155 	 413
156 	 418
157 	 423
158 	 428
159 	 433
160 	 438
161 	 443
162 	 448
163 	 453
164 	 2147483647
165 	 2147483647
166 	 36
167 	 41
168 	 51
169 	 61
170 	 66
171 	 71
172 	 76
173 	 81
174 	 86
175 	 96
176 	 101
177 	 111
178 	 116
179 	 126
180 	 136
181 	 141
182 	 146
183 	 151
184 	 156
185 	 166
186 	 176
187 	 181
188 	 186
189 	 191
190 	 196
191 	 201
192 	 206
193 	 216
194 	 226
195 	 236
196 	 246
197 	 256
198 	 261
199 	 266
200 	 271
201 	 276
202 	 281
203 	 286
204 	 296
205 	 306
206 	 316
207 	 326
208 	 336
209 	 341
210 	 346
211 	 351
212 	 356
213 	 366
214 	 376
215 	 381
216 	 386
217 	 391
218 	 396
219 	 406
220 	 416
221 	 426
222 	 431
223 	 436
224 	 441
225 	 446
226 	 451
227 	 461
228 	 466
229 	 2147483647
230 	 49
231 	 54
232 	 64
233 	 69
234 	 74
235 	 79
236 	 84
237 	 89
238 	 94
239 	 99
240 	 104
241 	 109
242 	 114
243 	 119
244 	 124
245 	 129
246 	 134
247 	 139
248 	 149
249 	 159
250 	 164
251 	 169
252 	 174
253 	 179
254 	 184
255 	 189
256 	 209
257 	 214
258 	 219
259 	 224
260 	 229
261 	 234
262 	 239
263 	 249
264 	 254
265 	 259
266 	 264
267 	 269
268 	 274
269 	 279
270 	 284
271 	 289
272 	 299
273 	 309
274 	 319
275 	 329
276 	 339
277 	 349
278 	 369
279 	 374
280 	 379
281 	 384
282 	 389
283 	 409
284 	 419
285 	 429
286 	 434
287 	 439
288 	 444
289 	 449
290 	 454
291 	 464
292 	 474
293 	 479
294 	 484
295 	 2147483647
296 	 62
297 	 67
298 	 72
299 	 77
300 	 82
301 	 87
302 	 92
303 	 97
304 	 102
305 	 112
306 	 117
307 	 122
308 	 132
309 	 137
310 	 147
311 	 152
312 	 157
313 	 162
314 	 172
315 	 177
316 	 182
317 	 187
318 	 192
319 	 197
320 	 202
321 	 207
322 	 212
323 	 217
324 	 222
325 	 227
326 	 232
327 	 237
328 	 242
329 	 247
330 	 252
331 	 257
332 	 262
333 	 267
334 	 272
335 	 277
336 	 297
337 	 302
338 	 312
339 	 317
340 	 322
341 	 327
342 	 332
343 	 337
344 	 342
345 	 347
346 	 352
347 	 357
348 	 362
349 	 367
350 	 372
351 	 377
352 	 382
353 	 387
354 	 392
355 	 397
356 	 402
357 	 407
358 	 412
359 	 417
360 	 422
361 	 427
362 	 432
363 	 437
364 	 442
365 	 447
366 	 452
367 	 457
368 	 462
369 	 467
370 	 477
371 	 482
372 	 487
373 	 492
374 	 2147483647
375 	 2147483647
376 	 75
377 	 80
378 	 85
379 	 90
380 	 95
381 	 100
382 	 105
383 	 110
384 	 115
385 	 125
386 	 130
387 	 135
388 	 145
389 	 150
390 	 160
391 	 170
392 	 175
393 	 180
394 	 185
395 	 190
396 	 195
397 	 200
398 	 210
399 	 215
400 	 235
401 	 240
402 	 245
403 	 250
404 	 255
405 	 260
406 	 265
407 	 270
408 	 275
409 	 280
410 	 285
411 	 290
412 	 295
413 	 300
414 	 305
415 	 310
416 	 315
417 	 320
418 	 325
419 	 345
420 	 350
421 	 355
422 	 360
423 	 370
424 	 375
425 	 380
426 	 385
427 	 395
428 	 400
429 	 405
430 	 410
431 	 415
432 	 435
433 	 440
434 	 445
435 	 450
436 	 455
437 	 465
438 	 475
439 	 480
440 	 485
441 	 490
442 	 495
443 	 505
444 	 2147483647
445 	 2147483647
446 	 88
447 	 98
448 	 108
449 	 113
450 	 118
451 	 123
452 	 128
453 	 133
454 	 138
455 	 148
456 	 153
457 	 158
458 	 163
459 	 168
460 	 173
461 	 183
462 	 203
463 	 208
464 	 213
465 	 223
466 	 228
467 	 233
468 	 238
469 	 243
470 	 248
471 	 253
472 	 258
473 	 263
474 	 273
475 	 278
476 	 283
477 	 288
478 	 293
479 	 298
480 	 308
481 	 318
482 	 328
483 	 333
484 	 338
485 	 343
486 	 348
487 	 353
488 	 358
489 	 363
490 	 368
491 	 373
492 	 383
493 	 388
494 	 398
495 	 408
496 	 418
497 	 423
498 	 428
499 	 433
500 	 438
501 	 443
502 	 448
503 	 453
504 	 458
505 	 468
506 	 478
507 	 488
508 	 493
509 	 498
510 	 503
511 	 508
512 	 518
513 	 523
514 	 2147483647
515 	 2147483647
516 	 101
517 	 111
518 	 121
519 	 126
520 	 131
521 	 136
522 	 141
523 	 146
524 	 151
525 	 161
526 	 166
527 	 171
528 	 176
529 	 181
530 	 186
531 	 191
532 	 196
533 	 201
534 	 206
535 	 211
536 	 216
537 	 221
538 	 226
539 	 231
540 	 236
541 	 241
542 	 251
543 	 261
544 	 266
545 	 271
546 	 276
547 	 286
548 	 291
549 	 296
550 	 301
551 	 306
552 	 311
553 	 321
554 	 331
555 	 341
556 	 351
557 	 356
558 	 361
559 	 366
560 	 371
561 	 376
562 	 381
563 	 386
564 	 391
565 	 396
566 	 401
567 	 411
568 	 416
569 	 421
570 	 431
571 	 436
572 	 441
573 	 451
574 	 456
575 	 461
576 	 466
577 	 471
578 	 481
579 	 486
580 	 491
581 	 496
582 	 501
583 	 506
584 	 511
585 	 516
586 	 521
587 	 526
588 	 531
589 	 2147483647
590 	 2147483647
591 	 114
592 	 119
593 	 124
594 	 129
595 	 134
596 	 139
597 	 144
598 	 149
599 	 154
600 	 164
601 	 169
602 	 174
603 	 179
604 	 184
605 	 189
606 	 199
607 	 209
608 	 214
609 	 219
610 	 224
611 	 229
612 	 234
613 	 239
614 	 249
615 	 254
616 	 264
617 	 274
618 	 284
619 	 289
620 	 294
621 	 299
622 	 319
623 	 324
624 	 329
625 	 334
626 	 339
627 	 344
628 	 349
629 	 354
630 	 364
631 	 369
632 	 389
633 	 394
634 	 399
635 	 404
636 	 414
637 	 419
638 	 424
639 	 434
640 	 439
641 	 444
642 	 454
643 	 464
644 	 469
645 	 474
646 	 479
647 	 484
648 	 489
649 	 494
650 	 499
651 	 504
652 	 509
653 	 519
654 	 524
655 	 529
656 	 534
657 	 539
658 	 544
659 	 2147483647
660 	 2147483647
661 	 127
662 	 132
663 	 137
664 	 142
665 	 147
666 	 152
667 	 157
668 	 162
669 	 167
670 	 177
671 	 182
672 	 187
673 	 192
674 	 197
675 	 202
676 	 212
677 	 222
678 	 227
679 	 232
680 	 237
681 	 247
682 	 252
683 	 262
684 	 267
685 	 272
686 	 277
687 	 282
688 	 287
689 	 297
690 	 307
691 	 312
692 	 317
693 	 322
694 	 327
695 	 332
696 	 342
697 	 362
698 	 367
699 	 372
700 	 377
701 	 382
702 	 387
703 	 392
704 	 397
705 	 402
706 	 407
707 	 412
708 	 417
709 	 427
710 	 432
711 	 437
712 	 447
713 	 452
714 	 457
715 	 467
716 	 472
717 	 477
718 	 497
719 	 502
720 	 522
721 	 532
722 	 542
723 	 547
724 	 552
725 	 557
726 	 562
727 	 2147483647
728 	 2147483647
729 	 2147483647
730 	 2147483647
731 	 150
732 	 155
733 	 160
734 	 165
735 	 170
736 	 175
737 	 180
738 	 185
739 	 190
740 	 200
741 	 205
742 	 210
743 	 215
744 	 220
745 	 225
746 	 230
747 	 235
748 	 240
749 	 245
750 	 250
751 	 260
752 	 265
753 	 270
754 	 275
755 	 280
756 	 285
757 	 290
758 	 295
759 	 300
760 	 305
761 	 310
762 	 320
763 	 325
764 	 330
765 	 335
766 	 340
767 	 345
768 	 355
769 	 360
770 	 365
771 	 370
772 	 375
773 	 380
774 	 385
775 	 390
776 	 400
777 	 405
778 	 410
779 	 415
780 	 420
781 	 430
782 	 435
783 	 440
784 	 445
785 	 450
786 	 455
787 	 460
788 	 465
789 	 470
790 	 475
791 	 480
792 	 485
793 	 490
794 	 495
795 	 500
796 	 505
797 	 510
798 	 515
799 	 520
800 	 525
801 	 530
802 	 535
803 	 540
804 	 545
805 	 555
806 	 575
807 	 2147483647
808 	 2147483647
809 	 168
810 	 173
811 	 178
812 	 183
813 	 188
814 	 193
815 	 198
816 	 203
817 	 213
818 	 223
819 	 228
820 	 233
821 	 238
822 	 243
823 	 248
824 	 253
825 	 263
826 	 268
827 	 273
828 	 278
829 	 283
830 	 288
831 	 293
832 	 298
833 	 303
834 	 308
835 	 313
836 	 318
837 	 323
838 	 328
839 	 333
840 	 338
841 	 358
842 	 363
843 	 368
844 	 373
845 	 378
846 	 398
847 	 403
848 	 413
849 	 418
850 	 423
851 	 428
852 	 433
853 	 443
854 	 448
855 	 453
856 	 458
857 	 463
858 	 468
859 	 473
860 	 478
861 	 483
862 	 503
863 	 508
864 	 518
865 	 523
866 	 528
867 	 533
868 	 538
869 	 543
870 	 548
871 	 553
872 	 558
873 	 563
874 	 568
875 	 573
876 	 578
877 	 583
878 	 588
879 	 2147483647
880 	 2147483647
881 	 181
882 	 186
883 	 191
884 	 196
885 	 201
886 	 206
887 	 216
888 	 221
889 	 226
890 	 236
891 	 241
892 	 246
893 	 256
894 	 266
895 	 276
896 	 286
897 	 291
898 	 296
899 	 301
900 	 306
901 	 311
902 	 316
903 	 321
904 	 326
905 	 331
906 	 341
907 	 351
908 	 356
909 	 361
910 	 366
911 	 371
912 	 376
913 	 381
914 	 386
915 	 391
916 	 396
917 	 401
918 	 406
919 	 411
920 	 416
921 	 421
922 	 426
923 	 436
924 	 446
925 	 451
926 	 456
927 	 461
928 	 466
929 	 471
930 	 476
931 	 481
932 	 486
933 	 491
934 	 496
935 	 501
936 	 506
937 	 511
938 	 516
939 	 521
940 	 531
941 	 536
942 	 541
943 	 546
944 	 556
945 	 561
946 	 566
947 	 571
948 	 581
949 	 591
950 	 601
951 	 2147483647
952 	 2147483647
953 	 2147483647
954 	 2147483647
955 	 2147483647
956 	 194
957 	 199
958 	 204
959 	 209
960 	 214
961 	 219
962 	 229
963 	 234
964 	 239
965 	 244
966 	 249
967 	 254
968 	 259
969 	 269
970 	 279
971 	 284
972 	 289
973 	 299
974 	 309
975 	 314
976 	 319
977 	 324
978 	 329
979 	 334
980 	 339
981 	 344
982 	 354
983 	 364
984 	 374
985 	 379
986 	 389
987 	 394
988 	 404
989 	 409
990 	 414
991 	 419
992 	 429
993 	 439
994 	 449
995 	 459
996 	 464
997 	 469
998 	 474
999 	 479
1000 	 484
1001 	 489
1002 	 499
1003 	 509
1004 	 529
1005 	 534
1006 	 539
1007 	 544
1008 	 554
1009 	 559
1010 	 569
1011 	 574
1012 	 579
1013 	 584
1014 	 594
1015 	 604
1016 	 614
1017 	 2147483647
1018 	 2147483647
1019 	 2147483647
1020 	 2147483647
1021 	 2147483647
1022 	 207
1023 	 212
1024 	 217
1025 	 222
1026 	 227
1027 	 232
1028 	 237
1029 	 242
1030 	 247
1031 	 267
1032 	 272
1033 	 277
1034 	 282
1035 	 287
1036 	 292
1037 	 302
1038 	 307
1039 	 312
1040 	 322
1041 	 327
1042 	 337
1043 	 347
1044 	 352
1045 	 357
1046 	 362
1047 	 367
1048 	 372
1049 	 377
1050 	 387
1051 	 392
1052 	 402
1053 	 407
1054 	 417
1055 	 422
1056 	 427
1057 	 432
1058 	 442
1059 	 452
1060 	 457
1061 	 462
1062 	 467
1063 	 472
1064 	 482
1065 	 492
1066 	 497
1067 	 502
1068 	 512
1069 	 522
1070 	 527
1071 	 532
1072 	 537
1073 	 542
1074 	 547
1075 	 557
1076 	 567
1077 	 572
1078 	 577
1079 	 582
1080 	 587
1081 	 592
1082 	 597
1083 	 602
1084 	 607
1085 	 612
1086 	 617
1087 	 622
1088 	 627
1089 	 2147483647
1090 	 2147483647
1091 	 2147483647
1092 	 2147483647
1093 	 2147483647
1094 	 225
1095 	 230
1096 	 235
1097 	 240
1098 	 245
1099 	 250
1100 	 255
1101 	 260
1102 	 265
1103 	 270
1104 	 275
1105 	 280
1106 	 285
1107 	 290
1108 	 295
1109 	 300
1110 	 305
1111 	 315
1112 	 320
1113 	 325
1114 	 330
1115 	 335
1116 	 340
1117 	 350
1118 	 360
1119 	 365
1120 	 370
1121 	 380
1122 	 385
1123 	 390
1124 	 395
1125 	 400
1126 	 405
1127 	 410
1128 	 415
1129 	 420
1130 	 425
1131 	 430
1132 	 435
1133 	 440
1134 	 445
1135 	 450
1136 	 455
1137 	 460
1138 	 465
1139 	 470
1140 	 475
1141 	 480
1142 	 485
1143 	 495
1144 	 505
1145 	 510
1146 	 515
1147 	 520
1148 	 525
1149 	 530
1150 	 535
1151 	 540
1152 	 545
1153 	 555
1154 	 560
1155 	 570
1156 	 575
1157 	 580
1158 	 585
1159 	 590
1160 	 595
1161 	 600
1162 	 605
1163 	 610
1164 	 615
1165 	 620
1166 	 625
1167 	 630
1168 	 635
1169 	 2147483647
1170 	 2147483647
1171 	 2147483647
1172 	 2147483647
1173 	 2147483647
1174 	 238
1175 	 243
1176 	 248
1177 	 253
1178 	 263
1179 	 273
1180 	 278
1181 	 283
1182 	 288
1183 	 293
1184 	 298
1185 	 303
1186 	 308
1187 	 313
1188 	 318
1189 	 323
1190 	 328
1191 	 348
1192 	 353
1193 	 358
1194 	 363
1195 	 368
1196 	 373
1197 	 378
1198 	 383
1199 	 393
1200 	 398
1201 	 408
1202 	 413
1203 	 418
1204 	 423
1205 	 428
1206 	 433
1207 	 438
1208 	 443
1209 	 463
1210 	 468
1211 	 473
1212 	 478
1213 	 483
1214 	 488
1215 	 493
1216 	 498
1217 	 503
1218 	 508
1219 	 513
1220 	 518
1221 	 538
1222 	 543
1223 	 548
1224 	 553
1225 	 558
1226 	 568
1227 	 573
1228 	 578
1229 	 583
1230 	 588
1231 	 593
1232 	 598
1233 	 603
1234 	 608
1235 	 613
1236 	 618
1237 	 628
1238 	 633
1239 	 638
1240 	 648
1241 	 2147483647
1242 	 2147483647
1243 	 2147483647
1244 	 2147483647
1245 	 2147483647
1246 	 251
1247 	 256
1248 	 261
1249 	 266
1250 	 276
1251 	 286
1252 	 306
1253 	 311
1254 	 321
1255 	 331
1256 	 336
1257 	 341
1258 	 346
1259 	 351
1260 	 356
1261 	 361
1262 	 366
1263 	 371
1264 	 376
1265 	 381
1266 	 386
1267 	 391
1268 	 396
1269 	 401
1270 	 406
1271 	 411
1272 	 421
1273 	 426
1274 	 431
1275 	 436
1276 	 441
1277 	 446
1278 	 451
1279 	 456
1280 	 461
1281 	 466
1282 	 471
1283 	 476
1284 	 481
1285 	 486
1286 	 491
1287 	 496
1288 	 501
1289 	 511
1290 	 516
1291 	 521
1292 	 526
1293 	 531
1294 	 536
1295 	 541
1296 	 546
1297 	 551
1298 	 556
1299 	 561
1300 	 566
1301 	 571
1302 	 576
1303 	 581
1304 	 601
1305 	 606
1306 	 626
1307 	 631
1308 	 641
1309 	 651
1310 	 661
1311 	 666
1312 	 2147483647
1313 	 2147483647
1314 	 2147483647
1315 	 2147483647
1316 	 2147483647
1317 	 264
1318 	 269
1319 	 274
1320 	 279
1321 	 284
1322 	 289
1323 	 294
1324 	 299
1325 	 304
1326 	 309
1327 	 314
1328 	 319
1329 	 324
1330 	 334
1331 	 344
1332 	 349
1333 	 354
1334 	 359
1335 	 364
1336 	 369
1337 	 374
1338 	 379
1339 	 384
1340 	 389
1341 	 394
1342 	 399
1343 	 404
1344 	 409
1345 	 414
1346 	 419
1347 	 424
1348 	 429
1349 	 434
1350 	 439
1351 	 444
1352 	 449
1353 	 454
1354 	 459
1355 	 464
1356 	 469
1357 	 474
1358 	 479
1359 	 484
1360 	 494
1361 	 499
1362 	 504
1363 	 509
1364 	 514
1365 	 524
1366 	 529
1367 	 534
1368 	 539
1369 	 549
1370 	 554
1371 	 559
1372 	 564
1373 	 569
1374 	 574
1375 	 579
1376 	 584
1377 	 589
1378 	 594
1379 	 599
1380 	 604
1381 	 609
1382 	 614
1383 	 619
1384 	 624
1385 	 629
1386 	 634
1387 	 639
1388 	 644
1389 	 649
1390 	 654
1391 	 664
1392 	 669
1393 	 674
1394 	 679
1395 	 2147483647
1396 	 2147483647
1397 	 2147483647
1398 	 2147483647
1399 	 2147483647
1400 	 2147483647
1401 	 277
1402 	 282
1403 	 287
1404 	 292
1405 	 297
1406 	 302
1407 	 307
1408 	 312
1409 	 317
1410 	 322
1411 	 327
1412 	 337
1413 	 342
1414 	 347
1415 	 352
1416 	 357
1417 	 362
1418 	 367
1419 	 372
1420 	 377
1421 	 382
1422 	 387
1423 	 392
1424 	 397
1425 	 402
1426 	 407
1427 	 412
1428 	 417
1429 	 422
1430 	 427
1431 	 432
1432 	 437
1433 	 442
1434 	 447
1435 	 452
1436 	 457
1437 	 462
1438 	 467
1439 	 472
1440 	 477
1441 	 482
1442 	 487
1443 	 492
1444 	 497
1445 	 507
1446 	 512
1447 	 517
1448 	 522
1449 	 527
1450 	 532
1451 	 537
1452 	 542
1453 	 547
1454 	 552
1455 	 562
1456 	 567
1457 	 572
1458 	 577
1459 	 587
1460 	 592
1461 	 597
1462 	 602
1463 	 607
1464 	 612
1465 	 617
1466 	 627
1467 	 637
1468 	 642
1469 	 647
1470 	 652
1471 	 657
1472 	 667
1473 	 672
1474 	 677
1475 	 682
1476 	 687
1477 	 2147483647
1478 	 2147483647
1479 	 2147483647
1480 	 2147483647
1481 	 2147483647
1482 	 2147483647
1483 	 290
1484 	 295
1485 	 300
1486 	 305
1487 	 310
1488 	 315
1489 	 320
1490 	 325
1491 	 330
1492 	 335
1493 	 340
1494 	 350
1495 	 355
1496 	 360
1497 	 365
1498 	 370
1499 	 375
1500 	 380
1501 	 390
1502 	 395
1503 	 405
1504 	 410
1505 	 415
1506 	 420
1507 	 425
1508 	 430
1509 	 435
1510 	 440
1511 	 445
1512 	 450
1513 	 455
1514 	 460
1515 	 470
1516 	 475
1517 	 480
1518 	 485
1519 	 490
1520 	 495
1521 	 500
1522 	 510
1523 	 515
1524 	 520
1525 	 525
1526 	 535
1527 	 540
1528 	 545
1529 	 550
1530 	 555
1531 	 560
1532 	 565
1533 	 570
1534 	 575
1535 	 585
1536 	 590
1537 	 600
1538 	 605
1539 	 610
1540 	 615
1541 	 620
1542 	 625
1543 	 630
1544 	 640
1545 	 650
1546 	 655
1547 	 660
1548 	 665
1549 	 670
1550 	 680
1551 	 685
1552 	 690
1553 	 695
1554 	 700
1555 	 2147483647
1556 	 2147483647
1557 	 2147483647
1558 	 2147483647
1559 	 2147483647
1560 	 2147483647
1561 	 308
1562 	 318
1563 	 323
1564 	 328
1565 	 333
1566 	 338
1567 	 343
1568 	 348
1569 	 353
1570 	 358
1571 	 363
1572 	 368
1573 	 373
1574 	 378
1575 	 383
1576 	 388
1577 	 393
1578 	 403
1579 	 408
1580 	 418
1581 	 423
1582 	 428
1583 	 448
1584 	 453
1585 	 458
1586 	 463
1587 	 468
1588 	 473
1589 	 483
1590 	 488
1591 	 493
1592 	 503
1593 	 508
1594 	 513
1595 	 523
1596 	 528
1597 	 533
1598 	 538
1599 	 548
1600 	 553
1601 	 558
1602 	 563
1603 	 568
1604 	 578
1605 	 588
1606 	 598
1607 	 603
1608 	 608
1609 	 613
1610 	 618
1611 	 623
1612 	 628
1613 	 633
1614 	 643
1615 	 648
1616 	 653
1617 	 658
1618 	 663
1619 	 668
1620 	 678
1621 	 683
1622 	 688
1623 	 693
1624 	 703
1625 	 708
1626 	 713
1627 	 718
1628 	 2147483647
1629 	 2147483647
1630 	 2147483647
1631 	 2147483647
1632 	 321
1633 	 331
1634 	 336
1635 	 341
1636 	 346
1637 	 351
1638 	 356
1639 	 361
1640 	 371
1641 	 376
1642 	 381
1643 	 386
1644 	 391
1645 	 401
1646 	 406
1647 	 411
1648 	 416
1649 	 421
1650 	 426
1651 	 431
1652 	 441
1653 	 446
1654 	 451
1655 	 456
1656 	 461
1657 	 466
1658 	 471
1659 	 476
1660 	 481
1661 	 486
1662 	 491
1663 	 496
1664 	 501
1665 	 506
1666 	 516
1667 	 521
1668 	 526
1669 	 531
1670 	 536
1671 	 541
1672 	 546
1673 	 551
1674 	 556
1675 	 561
1676 	 566
1677 	 571
1678 	 576
1679 	 581
1680 	 591
1681 	 601
1682 	 606
1683 	 611
1684 	 616
1685 	 621
1686 	 626
1687 	 631
1688 	 636
1689 	 641
1690 	 646
1691 	 656
1692 	 661
1693 	 666
1694 	 671
1695 	 676
1696 	 681
1697 	 691
1698 	 696
1699 	 701
1700 	 706
1701 	 716
1702 	 726
1703 	 2147483647
1704 	 2147483647
1705 	 2147483647
1706 	 2147483647
1707 	 2147483647
1708 	 334
1709 	 339
1710 	 344
1711 	 349
1712 	 354
1713 	 364
1714 	 369
1715 	 374
1716 	 384
1717 	 389
1718 	 394
1719 	 399
1720 	 404
1721 	 414
1722 	 419
1723 	 424
1724 	 429
1725 	 434
1726 	 439
1727 	 444
1728 	 454
1729 	 459
1730 	 464
1731 	 469
1732 	 474
1733 	 479
1734 	 484
1735 	 489
1736 	 499
1737 	 504
1738 	 509
1739 	 514
1740 	 519
1741 	 524
1742 	 529
1743 	 534
1744 	 539
1745 	 544
1746 	 549
1747 	 554
1748 	 559
1749 	 564
1750 	 569
1751 	 574
1752 	 579
1753 	 584
1754 	 589
1755 	 594
1756 	 599
1757 	 604
1758 	 609
1759 	 614
1760 	 619
1761 	 624
1762 	 629
1763 	 634
1764 	 639
1765 	 644
1766 	 649
1767 	 654
1768 	 659
1769 	 664
1770 	 669
1771 	 674
1772 	 679
1773 	 684
1774 	 689
1775 	 694
1776 	 699
1777 	 704
1778 	 709
1779 	 719
1780 	 724
1781 	 729
1782 	 739
1783 	 2147483647
1784 	 2147483647
1785 	 2147483647
1786 	 2147483647
1787 	 2147483647
1788 	 2147483647
1789 	 357
1790 	 362
1791 	 367
1792 	 377
1793 	 382
1794 	 387
1795 	 392
1796 	 397
1797 	 402
1798 	 407
1799 	 412
1800 	 417
1801 	 422
1802 	 427
1803 	 432
1804 	 437
1805 	 442
1806 	 447
1807 	 452
1808 	 457
1809 	 462
1810 	 467
1811 	 472
1812 	 477
1813 	 482
1814 	 487
1815 	 492
1816 	 497
1817 	 502
1818 	 512
1819 	 517
1820 	 522
1821 	 527
1822 	 532
1823 	 537
1824 	 542
1825 	 547
1826 	 552
1827 	 557
1828 	 562
1829 	 567
1830 	 572
1831 	 577
1832 	 582
1833 	 587
1834 	 592
1835 	 597
1836 	 602
1837 	 607
1838 	 612
1839 	 617
1840 	 637
1841 	 642
1842 	 647
1843 	 652
1844 	 657
1845 	 662
1846 	 667
1847 	 672
1848 	 677
1849 	 682
1850 	 687
1851 	 692
1852 	 697
1853 	 702
1854 	 707
1855 	 712
1856 	 717
1857 	 722
1858 	 732
1859 	 737
1860 	 742
1861 	 747
1862 	 752
1863 	 757
1864 	 2147483647
1865 	 2147483647
1866 	 2147483647
1867 	 2147483647
1868 	 2147483647
1869 	 2147483647
1870 	 2147483647
1871 	 370
1872 	 375
1873 	 380
1874 	 385
1875 	 390
1876 	 400
1877 	 405
1878 	 410
1879 	 415
1880 	 420
1881 	 425
1882 	 430
1883 	 435
1884 	 440
1885 	 445
1886 	 450
1887 	 455
1888 	 465
1889 	 470
1890 	 475
1891 	 480
1892 	 485
1893 	 490
1894 	 495
1895 	 500
1896 	 505
1897 	 510
1898 	 515
1899 	 520
1900 	 525
1901 	 530
1902 	 535
1903 	 540
1904 	 545
1905 	 550
1906 	 555
1907 	 560
1908 	 565
1909 	 570
1910 	 575
1911 	 580
1912 	 585
1913 	 590
1914 	 595
1915 	 600
1916 	 605
1917 	 610
1918 	 615
1919 	 620
1920 	 625
1921 	 630
1922 	 635
1923 	 640
1924 	 645
1925 	 650
1926 	 655
1927 	 660
1928 	 665
1929 	 670
1930 	 675
1931 	 680
1932 	 685
1933 	 690
1934 	 695
1935 	 700
1936 	 705
1937 	 710
1938 	 715
1939 	 720
1940 	 725
1941 	 730
1942 	 735
1943 	 740
1944 	 745
1945 	 765
1946 	 770
1947 	 2147483647
1948 	 2147483647
1949 	 2147483647
1950 	 2147483647
1951 	 2147483647
1952 	 383
1953 	 388
1954 	 398
1955 	 403
1956 	 413
1957 	 423
1958 	 428
1959 	 438
1960 	 448
1961 	 453
1962 	 458
1963 	 463
1964 	 468
1965 	 478
1966 	 488
1967 	 493
1968 	 498
1969 	 503
1970 	 508
1971 	 513
1972 	 523
1973 	 528
1974 	 533
1975 	 538
1976 	 543
1977 	 553
1978 	 558
1979 	 563
1980 	 568
1981 	 573
1982 	 578
1983 	 583
1984 	 588
1985 	 598
1986 	 608
1987 	 613
1988 	 618
1989 	 628
1990 	 633
1991 	 638
1992 	 643
1993 	 648
1994 	 653
1995 	 658
1996 	 663
1997 	 668
1998 	 673
1999 	 678
2000 	 683
2001 	 688
2002 	 698
2003 	 703
2004 	 708
2005 	 713
2006 	 723
2007 	 733
2008 	 743
2009 	 753
2010 	 758
2011 	 763
2012 	 768
2013 	 773
2014 	 778
2015 	 783
2016 	 2147483647
2017 	 2147483647
2018 	 2147483647
2019 	 2147483647
2020 	 2147483647
2021 	 2147483647
2022 	 2147483647
2023 	 396
2024 	 401
2025 	 411
2026 	 416
2027 	 421
2028 	 426
2029 	 436
2030 	 441
2031 	 451
2032 	 461
2033 	 466
2034 	 471
2035 	 476
2036 	 481
2037 	 486
2038 	 491
2039 	 501
2040 	 511
2041 	 521
2042 	 526
2043 	 536
2044 	 541
2045 	 546
2046 	 551
2047 	 556
2048 	 566
2049 	 571
2050 	 581
2051 	 591
2052 	 596
2053 	 601
2054 	 611
2055 	 621
2056 	 626
2057 	 631
2058 	 641
2059 	 646
2060 	 656
2061 	 661
2062 	 666
2063 	 671
2064 	 676
2065 	 681
2066 	 691
2067 	 696
2068 	 701
2069 	 711
2070 	 721
2071 	 726
2072 	 736
2073 	 746
2074 	 756
2075 	 766
2076 	 771
2077 	 776
2078 	 781
2079 	 786
2080 	 791
2081 	 2147483647
2082 	 2147483647
2083 	 2147483647
2084 	 2147483647
2085 	 2147483647
2086 	 2147483647
2087 	 2147483647
2088 	 2147483647
2089 	 2147483647
2090 	 409
2091 	 414
2092 	 419
2093 	 424
2094 	 434
2095 	 439
2096 	 444
2097 	 449
2098 	 454
2099 	 459
2100 	 464
2101 	 469
2102 	 474
2103 	 479
2104 	 484
2105 	 489
2106 	 494
2107 	 499
2108 	 504
2109 	 509
2110 	 514
2111 	 524
2112 	 534
2113 	 539
2114 	 544
2115 	 549
2116 	 554
2117 	 559
2118 	 564
2119 	 569
2120 	 574
2121 	 579
2122 	 584
2123 	 594
2124 	 604
2125 	 609
2126 	 614
2127 	 619
2128 	 624
2129 	 629
2130 	 634
2131 	 644
2132 	 649
2133 	 654
2134 	 659
2135 	 669
2136 	 674
2137 	 679
2138 	 684
2139 	 689
2140 	 694
2141 	 704
2142 	 714
2143 	 719
2144 	 724
2145 	 734
2146 	 739
2147 	 744
2148 	 749
2149 	 754
2150 	 759
2151 	 764
2152 	 769
2153 	 774
2154 	 779
2155 	 784
2156 	 794
2157 	 804
2158 	 2147483647
2159 	 2147483647
2160 	 2147483647
2161 	 2147483647
2162 	 2147483647
2163 	 2147483647
2164 	 2147483647
2165 	 422
2166 	 427
2167 	 432
2168 	 437
2169 	 447
2170 	 452
2171 	 457
2172 	 462
2173 	 467
2174 	 477
2175 	 482
2176 	 487
2177 	 492
2178 	 497
2179 	 507
2180 	 512
2181 	 517
2182 	 522
2183 	 527
2184 	 532
2185 	 537
2186 	 542
2187 	 547
2188 	 552
2189 	 557
2190 	 562
2191 	 567
2192 	 572
2193 	 577
2194 	 582
2195 	 587
2196 	 592
2197 	 597
2198 	 602
2199 	 607
2200 	 612
2201 	 617
2202 	 622
2203 	 627
2204 	 632
2205 	 637
2206 	 642
2207 	 647
2208 	 657
2209 	 662
2210 	 667
2211 	 672
2212 	 677
2213 	 682
2214 	 687
2215 	 692
2216 	 697
2217 	 702
2218 	 707
2219 	 712
2220 	 717
2221 	 727
2222 	 732
2223 	 737
2224 	 742
2225 	 747
2226 	 752
2227 	 757
2228 	 762
2229 	 782
2230 	 787
2231 	 792
2232 	 797
2233 	 807
2234 	 817
2235 	 822
2236 	 2147483647
2237 	 2147483647
2238 	 2147483647
2239 	 2147483647
2240 	 2147483647
2241 	 2147483647
2242 	 2147483647
2243 	 435
2244 	 440
2245 	 450
2246 	 455
2247 	 460
2248 	 480
2249 	 490
2250 	 495
2251 	 500
2252 	 505
2253 	 510
2254 	 520
2255 	 525
2256 	 530
2257 	 535
2258 	 540
2259 	 545
2260 	 555
2261 	 560
2262 	 565
2263 	 575
2264 	 580
2265 	 585
2266 	 590
2267 	 595
2268 	 600
2269 	 605
2270 	 610
2271 	 615
2272 	 620
2273 	 625
2274 	 630
2275 	 635
2276 	 640
2277 	 645
2278 	 650
2279 	 655
2280 	 660
2281 	 665
2282 	 670
2283 	 680
2284 	 685
2285 	 690
2286 	 695
2287 	 700
2288 	 705
2289 	 710
2290 	 715
2291 	 720
2292 	 730
2293 	 735
2294 	 740
2295 	 745
2296 	 750
2297 	 755
2298 	 760
2299 	 765
2300 	 775
2301 	 780
2302 	 785
2303 	 790
2304 	 795
2305 	 800
2306 	 810
2307 	 815
2308 	 820
2309 	 825
2310 	 830
2311 	 835
2312 	 2147483647
2313 	 2147483647
2314 	 2147483647
2315 	 2147483647
2316 	 2147483647
2317 	 2147483647
2318 	 2147483647
2319 	 2147483647
2320 	 448
2321 	 453
2322 	 463
2323 	 468
2324 	 473
2325 	 478
2326 	 483
2327 	 488
2328 	 493
2329 	 498
2330 	 503
2331 	 508
2332 	 518
2333 	 523
2334 	 528
2335 	 533
2336 	 538
2337 	 543
2338 	 548
2339 	 553
2340 	 558
2341 	 568
2342 	 573
2343 	 578
2344 	 588
2345 	 593
2346 	 598
2347 	 603
2348 	 608
2349 	 613
2350 	 623
2351 	 628
2352 	 633
2353 	 638
2354 	 658
2355 	 663
2356 	 668
2357 	 673
2358 	 683
2359 	 693
2360 	 698
2361 	 703
2362 	 708
2363 	 718
2364 	 728
2365 	 733
2366 	 743
2367 	 763
2368 	 768
2369 	 773
2370 	 778
2371 	 788
2372 	 793
2373 	 798
2374 	 803
2375 	 808
2376 	 813
2377 	 823
2378 	 843
2379 	 848
2380 	 2147483647
2381 	 2147483647
2382 	 2147483647
2383 	 2147483647
2384 	 2147483647
2385 	 466
2386 	 471
2387 	 476
2388 	 481
2389 	 486
2390 	 496
2391 	 501
2392 	 506
2393 	 511
2394 	 516
2395 	 521
2396 	 531
2397 	 536
2398 	 541
2399 	 546
2400 	 551
2401 	 556
2402 	 561
2403 	 566
2404 	 571
2405 	 576
2406 	 581
2407 	 586
2408 	 591
2409 	 596
2410 	 601
2411 	 606
2412 	 611
2413 	 616
2414 	 626
2415 	 636
2416 	 641
2417 	 646
2418 	 651
2419 	 656
2420 	 661
2421 	 666
2422 	 671
2423 	 676
2424 	 681
2425 	 686
2426 	 696
2427 	 701
2428 	 706
2429 	 711
2430 	 716
2431 	 721
2432 	 731
2433 	 741
2434 	 746
2435 	 751
2436 	 756
2437 	 761
2438 	 766
2439 	 771
2440 	 776
2441 	 781
2442 	 791
2443 	 796
2444 	 801
2445 	 806
2446 	 811
2447 	 816
2448 	 821
2449 	 826
2450 	 831
2451 	 836
2452 	 841
2453 	 846
2454 	 851
2455 	 856
2456 	 2147483647
2457 	 2147483647
2458 	 2147483647
2459 	 2147483647
2460 	 2147483647
2461 	 2147483647
2462 	 2147483647
2463 	 2147483647
2464 	 479
2465 	 484
2466 	 494
2467 	 499
2468 	 509
2469 	 514
2470 	 519
2471 	 524
2472 	 529
2473 	 534
2474 	 539
2475 	 544
2476 	 549
2477 	 554
2478 	 559
2479 	 564
2480 	 569
2481 	 574
2482 	 579
2483 	 589
2484 	 609
2485 	 614
2486 	 619
2487 	 624
2488 	 629
2489 	 639
2490 	 644
2491 	 649
2492 	 654
2493 	 659
2494 	 664
2495 	 669
2496 	 674
2497 	 679
2498 	 689
2499 	 694
2500 	 699
2501 	 704
2502 	 709
2503 	 729
2504 	 734
2505 	 739
2506 	 744
2507 	 749
2508 	 754
2509 	 759
2510 	 764
2511 	 769
2512 	 789
2513 	 794
2514 	 804
2515 	 814
2516 	 824
2517 	 829
2518 	 849
2519 	 854
2520 	 859
2521 	 864
2522 	 869
2523 	 2147483647
2524 	 2147483647
2525 	 2147483647
2526 	 2147483647
2527 	 2147483647
2528 	 2147483647
2529 	 2147483647
2530 	 2147483647
2531 	 492
2532 	 497
2533 	 507
2534 	 512
2535 	 517
2536 	 522
2537 	 527
2538 	 537
2539 	 542
2540 	 547
2541 	 552
2542 	 557
2543 	 562
2544 	 567
2545 	 572
2546 	 577
2547 	 582
2548 	 587
2549 	 592
2550 	 602
2551 	 607
2552 	 612
2553 	 617
2554 	 622
2555 	 627
2556 	 632
2557 	 642
2558 	 647
2559 	 652
2560 	 657
2561 	 662
2562 	 667
2563 	 672
2564 	 677
2565 	 682
2566 	 687
2567 	 692
2568 	 702
2569 	 707
2570 	 712
2571 	 717
2572 	 722
2573 	 727
2574 	 732
2575 	 737
2576 	 742
2577 	 747
2578 	 752
2579 	 757
2580 	 762
2581 	 767
2582 	 772
2583 	 777
2584 	 782
2585 	 787
2586 	 792
2587 	 797
2588 	 802
2589 	 807
2590 	 812
2591 	 817
2592 	 827
2593 	 837
2594 	 842
2595 	 847
2596 	 852
2597 	 857
2598 	 862
2599 	 872
2600 	 882
2601 	 887
2602 	 2147483647
2603 	 2147483647
2604 	 2147483647
2605 	 2147483647
2606 	 2147483647
2607 	 2147483647
2608 	 2147483647
2609 	 2147483647
2610 	 2147483647
2611 	 505
2612 	 510
2613 	 515
2614 	 520
2615 	 530
2616 	 540
2617 	 550
2618 	 555
2619 	 560
2620 	 565
2621 	 585
2622 	 590
2623 	 600
2624 	 605
2625 	 610
2626 	 615
2627 	 625
2628 	 630
2629 	 635
2630 	 640
2631 	 645
2632 	 655
2633 	 660
2634 	 665
2635 	 670
2636 	 675
2637 	 685
2638 	 690
2639 	 695
2640 	 700
2641 	 705
2642 	 710
2643 	 715
2644 	 720
2645 	 725
2646 	 730
2647 	 735
2648 	 740
2649 	 745
2650 	 750
2651 	 755
2652 	 760
2653 	 765
2654 	 770
2655 	 790
2656 	 795
2657 	 800
2658 	 805
2659 	 810
2660 	 815
2661 	 820
2662 	 825
2663 	 830
2664 	 835
2665 	 840
2666 	 845
2667 	 850
2668 	 855
2669 	 860
2670 	 865
2671 	 870
2672 	 875
2673 	 885
2674 	 895
2675 	 2147483647
2676 	 2147483647
2677 	 2147483647
2678 	 2147483647
2679 	 2147483647
2680 	 2147483647
2681 	 2147483647
2682 	 2147483647
2683 	 518
2684 	 523
2685 	 528
2686 	 533
2687 	 543
2688 	 553
2689 	 558
2690 	 563
2691 	 573
2692 	 578
2693 	 583
2694 	 588
2695 	 593
2696 	 598
2697 	 603
2698 	 613
2699 	 623
2700 	 628
2701 	 638
2702 	 643
2703 	 648
2704 	 653
2705 	 658
2706 	 663
2707 	 668
2708 	 673
2709 	 678
2710 	 688
2711 	 698
2712 	 703
2713 	 708
2714 	 713
2715 	 718
2716 	 723
2717 	 728
2718 	 733
2719 	 738
2720 	 748
2721 	 753
2722 	 758
2723 	 763
2724 	 768
2725 	 778
2726 	 783
2727 	 788
2728 	 793
2729 	 798
2730 	 803
2731 	 808
2732 	 813
2733 	 818
2734 	 823
2735 	 828
2736 	 833
2737 	 838
2738 	 843
2739 	 863
2740 	 868
2741 	 878
2742 	 883
2743 	 888
2744 	 893
2745 	 898
2746 	 903
2747 	 908
2748 	 2147483647
2749 	 2147483647
2750 	 2147483647
2751 	 2147483647
2752 	 2147483647
2753 	 536
2754 	 541
2755 	 546
2756 	 551
2757 	 556
2758 	 561
2759 	 566
2760 	 571
2761 	 576
2762 	 586
2763 	 596
2764 	 616
2765 	 621
2766 	 626
2767 	 636
2768 	 641
2769 	 646
2770 	 651
2771 	 656
2772 	 661
2773 	 671
2774 	 676
2775 	 681
2776 	 686
2777 	 691
2778 	 701
2779 	 706
2780 	 711
2781 	 716
2782 	 721
2783 	 726
2784 	 731
2785 	 736
2786 	 741
2787 	 746
2788 	 751
2789 	 761
2790 	 766
2791 	 771
2792 	 776
2793 	 781
2794 	 791
2795 	 796
2796 	 801
2797 	 806
2798 	 811
2799 	 821
2800 	 826
2801 	 831
2802 	 836
2803 	 841
2804 	 846
2805 	 851
2806 	 856
2807 	 861
2808 	 866
2809 	 871
2810 	 876
2811 	 881
2812 	 891
2813 	 901
2814 	 921
2815 	 926
2816 	 2147483647
2817 	 2147483647
2818 	 2147483647
2819 	 2147483647
2820 	 2147483647
2821 	 2147483647
2822 	 2147483647
2823 	 2147483647
2824 	 2147483647
2825 	 2147483647
2826 	 549
2827 	 554
2828 	 559
2829 	 569
2830 	 574
2831 	 579
2832 	 584
2833 	 589
2834 	 594
2835 	 599
2836 	 609
2837 	 614
2838 	 619
2839 	 624
2840 	 629
2841 	 634
2842 	 639
2843 	 644
2844 	 649
2845 	 654
2846 	 659
2847 	 664
2848 	 669
2849 	 674
2850 	 684
2851 	 689
2852 	 694
2853 	 699
2854 	 704
2855 	 709
2856 	 714
2857 	 719
2858 	 724
2859 	 729
2860 	 734
2861 	 739
2862 	 744
2863 	 749
2864 	 754
2865 	 759
2866 	 764
2867 	 769
2868 	 774
2869 	 779
2870 	 784
2871 	 794
2872 	 799
2873 	 804
2874 	 824
2875 	 834
2876 	 844
2877 	 849
2878 	 854
2879 	 859
2880 	 864
2881 	 874
2882 	 879
2883 	 884
2884 	 889
2885 	 894
2886 	 899
2887 	 904
2888 	 914
2889 	 919
2890 	 924
2891 	 929
2892 	 934
2893 	 2147483647
2894 	 2147483647
2895 	 2147483647
2896 	 2147483647
2897 	 2147483647
2898 	 2147483647
2899 	 2147483647
2900 	 2147483647
2901 	 2147483647
2902 	 2147483647
2903 	 2147483647
2904 	 567
2905 	 572
2906 	 582
2907 	 602
2908 	 607
2909 	 612
2910 	 617
2911 	 622
2912 	 642
2913 	 647
2914 	 652
2915 	 657
2916 	 662
2917 	 667
2918 	 672
2919 	 677
2920 	 682
2921 	 687
2922 	 692
2923 	 697
2924 	 702
2925 	 707
2926 	 712
2927 	 717
2928 	 722
2929 	 727
2930 	 732
2931 	 737
2932 	 742
2933 	 747
2934 	 752
2935 	 757
2936 	 777
2937 	 782
2938 	 787
2939 	 792
2940 	 797
2941 	 807
2942 	 812
2943 	 817
2944 	 822
2945 	 827
2946 	 832
2947 	 837
2948 	 842
2949 	 847
2950 	 857
2951 	 862
2952 	 867
2953 	 872
2954 	 877
2955 	 887
2956 	 892
2957 	 897
2958 	 902
2959 	 907
2960 	 912
2961 	 917
2962 	 922
2963 	 927
2964 	 932
2965 	 937
2966 	 942
2967 	 947
2968 	 2147483647
2969 	 2147483647
2970 	 2147483647
2971 	 2147483647
2972 	 2147483647
2973 	 2147483647
2974 	 580
2975 	 585
2976 	 590
2977 	 595
2978 	 600
2979 	 605
2980 	 610
2981 	 615
2982 	 625
2983 	 635
2984 	 640
2985 	 645
2986 	 650
2987 	 655
2988 	 660
2989 	 670
2990 	 680
2991 	 690
2992 	 700
2993 	 705
2994 	 710
2995 	 715
2996 	 720
2997 	 725
2998 	 730
2999 	 735
3000 	 745
3001 	 750
3002 	 755
3003 	 760
3004 	 765
3005 	 770
3006 	 775
3007 	 780
3008 	 785
3009 	 790
3010 	 795
3011 	 800
3012 	 805
3013 	 810
3014 	 815
3015 	 820
3016 	 825
3017 	 830
3018 	 835
3019 	 840
3020 	 845
3021 	 850
3022 	 855
3023 	 860
3024 	 865
3025 	 870
3026 	 875
3027 	 880
3028 	 885
3029 	 890
3030 	 895
3031 	 900
3032 	 905
3033 	 910
3034 	 915
3035 	 920
3036 	 925
3037 	 930
3038 	 935
3039 	 940
3040 	 945
3041 	 950
3042 	 955
3043 	 960
3044 	 965
3045 	 2147483647
3046 	 2147483647
3047 	 2147483647
3048 	 2147483647
3049 	 2147483647
3050 	 2147483647
3051 	 2147483647
3052 	 2147483647
3053 	 2147483647
3054 	 2147483647
3055 	 593
3056 	 598
3057 	 603
3058 	 608
3059 	 613
3060 	 618
3061 	 623
3062 	 628
3063 	 638
3064 	 648
3065 	 658
3066 	 663
3067 	 668
3068 	 673
3069 	 683
3070 	 693
3071 	 703
3072 	 713
3073 	 718
3074 	 723
3075 	 743
3076 	 748
3077 	 758
3078 	 763
3079 	 768
3080 	 773
3081 	 778
3082 	 783
3083 	 788
3084 	 793
3085 	 798
3086 	 803
3087 	 808
3088 	 813
3089 	 818
3090 	 823
3091 	 828
3092 	 833
3093 	 838
3094 	 843
3095 	 848
3096 	 853
3097 	 858
3098 	 863
3099 	 868
3100 	 873
3101 	 893
3102 	 898
3103 	 903
3104 	 908
3105 	 913
3106 	 918
3107 	 923
3108 	 943
3109 	 948
3110 	 968
3111 	 973
3112 	 2147483647
3113 	 2147483647
3114 	 2147483647
3115 	 2147483647
3116 	 2147483647
3117 	 2147483647
3118 	 2147483647
3119 	 2147483647
3120 	 2147483647
3121 	 2147483647
3122 	 2147483647
3123 	 606
3124 	 611
3125 	 616
3126 	 621
3127 	 626
3128 	 631
3129 	 641
3130 	 646
3131 	 651
3132 	 656
3133 	 661
3134 	 671
3135 	 676
3136 	 681
3137 	 686
3138 	 691
3139 	 696
3140 	 701
3141 	 706
3142 	 711
3143 	 716
3144 	 721
3145 	 726
3146 	 736
3147 	 741
3148 	 746
3149 	 751
3150 	 756
3151 	 761
3152 	 766
3153 	 771
3154 	 776
3155 	 781
3156 	 786
3157 	 791
3158 	 796
3159 	 801
3160 	 806
3161 	 816
3162 	 821
3163 	 826
3164 	 831
3165 	 836
3166 	 841
3167 	 851
3168 	 856
3169 	 861
3170 	 866
3171 	 871
3172 	 881
3173 	 886
3174 	 891
3175 	 896
3176 	 901
3177 	 906
3178 	 911
3179 	 916
3180 	 921
3181 	 926
3182 	 931
3183 	 936
3184 	 941
3185 	 946
3186 	 951
3187 	 956
3188 	 961
3189 	 966
3190 	 971
3191 	 976
3192 	 981
3193 	 986
3194 	 2147483647
3195 	 2147483647
3196 	 2147483647
3197 	 2147483647
3198 	 2147483647
3199 	 2147483647
3200 	 2147483647
3201 	 2147483647
3202 	 2147483647
3203 	 2147483647
3204 	 2147483647
3205 	 2147483647
3206 	 629
3207 	 634
3208 	 639
3209 	 644
3210 	 654
3211 	 664
3212 	 674
3213 	 679
3214 	 684
3215 	 689
3216 	 709
3217 	 714
3218 	 734
3219 	 739
3220 	 749
3221 	 754
3222 	 759
3223 	 764
3224 	 769
3225 	 774
3226 	 794
3227 	 799
3228 	 804
3229 	 809
3230 	 814
3231 	 819
3232 	 829
3233 	 834
3234 	 839
3235 	 844
3236 	 849
3237 	 854
3238 	 864
3239 	 869
3240 	 874
3241 	 879
3242 	 884
3243 	 894
3244 	 899
3245 	 909
3246 	 919
3247 	 929
3248 	 939
3249 	 949
3250 	 954
3251 	 964
3252 	 969
3253 	 979
3254 	 989
3255 	 999
3256 	 1004
3257 	 2147483647
3258 	 2147483647
3259 	 2147483647
3260 	 2147483647
3261 	 2147483647
3262 	 2147483647
3263 	 2147483647
3264 	 2147483647
3265 	 2147483647
3266 	 2147483647
3267 	 2147483647
3268 	 2147483647
3269 	 2147483647
3270 	 652
3271 	 657
3272 	 662
3273 	 667
3274 	 677
3275 	 687
3276 	 692
3277 	 697
3278 	 702
3279 	 707
3280 	 712
3281 	 717
3282 	 722
3283 	 727
3284 	 732
3285 	 737
3286 	 742
3287 	 747
3288 	 752
3289 	 757
3290 	 762
3291 	 767
3292 	 772
3293 	 777
3294 	 782
3295 	 787
3296 	 792
3297 	 797
3298 	 802
3299 	 807
3300 	 812
3301 	 817
3302 	 822
3303 	 827
3304 	 832
3305 	 837
3306 	 842
3307 	 847
3308 	 852
3309 	 857
3310 	 862
3311 	 867
3312 	 872
3313 	 877
3314 	 887
3315 	 892
3316 	 897
3317 	 902
3318 	 907
3319 	 912
3320 	 922
3321 	 932
3322 	 942
3323 	 952
3324 	 962
3325 	 967
3326 	 977
3327 	 982
3328 	 992
3329 	 1002
3330 	 1012
3331 	 2147483647
3332 	 2147483647
3333 	 2147483647
3334 	 2147483647
3335 	 2147483647
3336 	 2147483647
3337 	 2147483647
3338 	 2147483647
3339 	 2147483647
3340 	 2147483647
3341 	 2147483647
3342 	 2147483647
3343 	 670
3344 	 680
3345 	 685
3346 	 690
3347 	 695
3348 	 700
3349 	 705
3350 	 710
3351 	 715
3352 	 720
3353 	 740
3354 	 745
3355 	 750
3356 	 755
3357 	 760
3358 	 765
3359 	 770
3360 	 775
3361 	 780
3362 	 785
3363 	 790
3364 	 795
3365 	 800
3366 	 805
3367 	 810
3368 	 815
3369 	 820
3370 	 825
3371 	 830
3372 	 835
3373 	 840
3374 	 845
3375 	 850
3376 	 855
3377 	 860
3378 	 865
3379 	 885
3380 	 890
3381 	 900
3382 	 905
3383 	 910
3384 	 915
3385 	 920
3386 	 925
3387 	 930
3388 	 935
3389 	 940
3390 	 945
3391 	 950
3392 	 955
3393 	 960
3394 	 965
3395 	 970
3396 	 975
3397 	 980
3398 	 985
3399 	 990
3400 	 995
3401 	 1000
3402 	 1005
3403 	 1010
3404 	 1015
3405 	 1020
3406 	 1025
3407 	 2147483647
3408 	 2147483647
3409 	 2147483647
3410 	 2147483647
3411 	 2147483647
3412 	 2147483647
3413 	 2147483647
3414 	 2147483647
3415 	 2147483647
3416 	 2147483647
3417 	 2147483647
3418 	 2147483647
3419 	 2147483647
3420 	 683
3421 	 693
3422 	 698
3423 	 708
3424 	 728
3425 	 733
3426 	 738
3427 	 743
3428 	 748
3429 	 753
3430 	 758
3431 	 763
3432 	 768
3433 	 773
3434 	 778
3435 	 788
3436 	 798
3437 	 808
3438 	 813
3439 	 818
3440 	 823
3441 	 828
3442 	 833
3443 	 838
3444 	 843
3445 	 848
3446 	 853
3447 	 858
3448 	 863
3449 	 868
3450 	 873
3451 	 878
3452 	 883
3453 	 888
3454 	 893
3455 	 898
3456 	 903
3457 	 908
3458 	 913
3459 	 918
3460 	 923
3461 	 928
3462 	 933
3463 	 938
3464 	 943
3465 	 948
3466 	 953
3467 	 958
3468 	 963
3469 	 968
3470 	 973
3471 	 983
3472 	 988
3473 	 993
3474 	 998
3475 	 1003
3476 	 1008
3477 	 1013
3478 	 1018
3479 	 1023
3480 	 1028
3481 	 1033
3482 	 1038
3483 	 1043
3484 	 2147483647
3485 	 2147483647
3486 	 2147483647
3487 	 2147483647
3488 	 2147483647
3489 	 2147483647
3490 	 2147483647
3491 	 2147483647
3492 	 2147483647
3493 	 2147483647
3494 	 2147483647
3495 	 2147483647
3496 	 2147483647
3497 	 696
3498 	 701
3499 	 706
3500 	 711
3501 	 721
3502 	 726
3503 	 731
3504 	 736
3505 	 741
3506 	 746
3507 	 751
3508 	 756
3509 	 761
3510 	 771
3511 	 781
3512 	 786
3513 	 791
3514 	 801
3515 	 811
3516 	 821
3517 	 826
3518 	 831
3519 	 836
3520 	 841
3521 	 846
3522 	 851
3523 	 856
3524 	 861
3525 	 866
3526 	 871
3527 	 876
3528 	 881
3529 	 886
3530 	 891
3531 	 896
3532 	 901
3533 	 906
3534 	 911
3535 	 916
3536 	 921
3537 	 926
3538 	 931
3539 	 936
3540 	 941
3541 	 946
3542 	 951
3543 	 956
3544 	 961
3545 	 966
3546 	 971
3547 	 976
3548 	 981
3549 	 986
3550 	 996
3551 	 1001
3552 	 1006
3553 	 1011
3554 	 1016
3555 	 1021
3556 	 1026
3557 	 1031
3558 	 1036
3559 	 1046
3560 	 1051
3561 	 2147483647
3562 	 2147483647
3563 	 2147483647
3564 	 2147483647
3565 	 2147483647
3566 	 2147483647
3567 	 2147483647
3568 	 2147483647
3569 	 2147483647
3570 	 2147483647
3571 	 2147483647
3572 	 2147483647
3573 	 2147483647
3574 	 2147483647
3575 	 2147483647
3576 	 709
3577 	 714
3578 	 719
3579 	 724
3580 	 729
3581 	 734
3582 	 744
3583 	 749
3584 	 754
3585 	 759
3586 	 764
3587 	 769
3588 	 774
3589 	 784
3590 	 794
3591 	 799
3592 	 804
3593 	 809
3594 	 814
3595 	 819
3596 	 824
3597 	 829
3598 	 834
3599 	 839
3600 	 844
3601 	 849
3602 	 854
3603 	 859
3604 	 864
3605 	 869
3606 	 874
3607 	 879
3608 	 884
3609 	 889
3610 	 894
3611 	 899
3612 	 904
3613 	 909
3614 	 914
3615 	 919
3616 	 924
3617 	 929
3618 	 934
3619 	 939
3620 	 944
3621 	 949
3622 	 954
3623 	 959
3624 	 964
3625 	 969
3626 	 974
3627 	 979
3628 	 984
3629 	 989
3630 	 994
3631 	 999
3632 	 1004
3633 	 1009
3634 	 1014
3635 	 1019
3636 	 1024
3637 	 1029
3638 	 1034
3639 	 1039
3640 	 1044
3641 	 1049
3642 	 1059
3643 	 1064
3644 	 2147483647
3645 	 2147483647
3646 	 2147483647
3647 	 2147483647
3648 	 2147483647
3649 	 2147483647
3650 	 2147483647
3651 	 2147483647
3652 	 2147483647
3653 	 2147483647
3654 	 2147483647
3655 	 2147483647
3656 	 2147483647
3657 	 722
3658 	 727
3659 	 732
3660 	 737
3661 	 747
3662 	 757
3663 	 762
3664 	 767
3665 	 777
3666 	 782
3667 	 787
3668 	 792
3669 	 797
3670 	 802
3671 	 807
3672 	 827
3673 	 832
3674 	 842
3675 	 847
3676 	 852
3677 	 857
3678 	 862
3679 	 867
3680 	 872
3681 	 877
3682 	 882
3683 	 887
3684 	 892
3685 	 897
3686 	 902
3687 	 907
3688 	 917
3689 	 922
3690 	 927
3691 	 932
3692 	 937
3693 	 942
3694 	 947
3695 	 952
3696 	 957
3697 	 962
3698 	 967
3699 	 972
3700 	 977
3701 	 987
3702 	 1007
3703 	 1012
3704 	 1017
3705 	 1022
3706 	 1027
3707 	 1032
3708 	 1037
3709 	 1047
3710 	 1052
3711 	 1057
3712 	 1062
3713 	 1067
3714 	 1072
3715 	 1077
3716 	 1082
3717 	 2147483647
3718 	 2147483647
3719 	 2147483647
3720 	 2147483647
3721 	 2147483647
3722 	 2147483647
3723 	 2147483647
3724 	 2147483647
3725 	 2147483647
3726 	 2147483647
3727 	 2147483647
3728 	 2147483647
3729 	 2147483647
3730 	 2147483647
3731 	 2147483647
3732 	 2147483647
3733 	 735
3734 	 740
3735 	 750
3736 	 760
3737 	 765
3738 	 770
3739 	 775
3740 	 780
3741 	 790
3742 	 795
3743 	 815
3744 	 820
3745 	 825
3746 	 830
3747 	 835
3748 	 840
3749 	 845
3750 	 855
3751 	 860
3752 	 865
3753 	 875
3754 	 880
3755 	 885
3756 	 890
3757 	 895
3758 	 900
3759 	 905
3760 	 910
3761 	 920
3762 	 930
3763 	 935
3764 	 940
3765 	 945
3766 	 950
3767 	 955
3768 	 960
3769 	 965
3770 	 970
3771 	 975
3772 	 980
3773 	 985
3774 	 990
3775 	 1000
3776 	 1005
3777 	 1010
3778 	 1015
3779 	 1020
3780 	 1025
3781 	 1035
3782 	 1040
3783 	 1045
3784 	 1050
3785 	 1060
3786 	 1070
3787 	 1075
3788 	 1080
3789 	 1085
3790 	 1090
3791 	 2147483647
3792 	 2147483647
3793 	 2147483647
3794 	 2147483647
3795 	 2147483647
3796 	 2147483647
3797 	 2147483647
3798 	 2147483647
3799 	 748
3800 	 753
3801 	 763
3802 	 768
3803 	 773
3804 	 793
3805 	 798
3806 	 803
3807 	 808
3808 	 813
3809 	 818
3810 	 823
3811 	 828
3812 	 833
3813 	 843
3814 	 848
3815 	 858
3816 	 863
3817 	 868
3818 	 873
3819 	 878
3820 	 888
3821 	 893
3822 	 898
3823 	 903
3824 	 908
3825 	 913
3826 	 918
3827 	 923
3828 	 933
3829 	 938
3830 	 943
3831 	 948
3832 	 953
3833 	 958
3834 	 968
3835 	 973
3836 	 978
3837 	 983
3838 	 988
3839 	 993
3840 	 998
3841 	 1003
3842 	 1008
3843 	 1013
3844 	 1023
3845 	 1028
3846 	 1033
3847 	 1038
3848 	 1048
3849 	 1053
3850 	 1058
3851 	 1063
3852 	 1068
3853 	 1073
3854 	 1083
3855 	 1103
3856 	 2147483647
3857 	 2147483647
3858 	 2147483647
3859 	 2147483647
3860 	 2147483647
3861 	 2147483647
3862 	 2147483647
3863 	 2147483647
3864 	 2147483647
3865 	 2147483647
3866 	 2147483647
3867 	 2147483647
3868 	 2147483647
3869 	 761
3870 	 766
3871 	 771
3872 	 776
3873 	 781
3874 	 786
3875 	 791
3876 	 796
3877 	 801
3878 	 806
3879 	 826
3880 	 831
3881 	 836
3882 	 841
3883 	 846
3884 	 856
3885 	 861
3886 	 871
3887 	 876
3888 	 881
3889 	 886
3890 	 891
3891 	 896
3892 	 901
3893 	 911
3894 	 921
3895 	 926
3896 	 931
3897 	 936
3898 	 941
3899 	 946
3900 	 951
3901 	 956
3902 	 961
3903 	 966
3904 	 971
3905 	 981
3906 	 986
3907 	 991
3908 	 996
3909 	 1001
3910 	 1006
3911 	 1011
3912 	 1016
3913 	 1021
3914 	 1026
3915 	 1036
3916 	 1041
3917 	 1046
3918 	 1051
3919 	 1056
3920 	 1061
3921 	 1066
3922 	 1071
3923 	 1076
3924 	 1081
3925 	 1086
3926 	 1091
3927 	 1096
3928 	 1101
3929 	 1106
3930 	 1111
3931 	 1116
