
Tempo total de execução: 2.000000 milissegundo(s).

0 	 2147483647
1 	 0
2 	 5
3 	 10
4 	 15
5 	 20
6 	 25
7 	 30
8 	 35
9 	 40
10 	 45
11 	 50
12 	 55
13 	 60
14 	 65
15 	 70
16 	 75
17 	 80
18 	 2147483647
19 	 2147483647
20 	 2147483647
21 	 2147483647
22 	 2147483647
23 	 2147483647
24 	 2147483647
25 	 2147483647
26 	 2147483647
27 	 2147483647
28 	 2147483647
29 	 2147483647
30 	 2147483647
31 	 2147483647
32 	 18
33 	 23
34 	 28
35 	 33
36 	 43
37 	 53
38 	 63
39 	 68
40 	 73
41 	 78
42 	 83
43 	 93
44 	 2147483647
45 	 2147483647
46 	 2147483647
47 	 2147483647
48 	 2147483647
49 	 2147483647
50 	 2147483647
51 	 2147483647
52 	 2147483647
53 	 2147483647
54 	 2147483647
55 	 2147483647
56 	 2147483647
57 	 2147483647
58 	 2147483647
59 	 31
60 	 36
61 	 41
62 	 46
63 	 56
64 	 66
65 	 76
66 	 81
67 	 86
68 	 91
69 	 96
70 	 106
71 	 111
72 	 116
73 	 121
74 	 126
75 	 131
76 	 136
77 	 141
78 	 146
79 	 151
80 	 156
81 	 161
82 	 166
83 	 171
84 	 176
85 	 181
86 	 2147483647
87 	 44
88 	 49
89 	 54
90 	 59
91 	 64
92 	 69
93 	 74
94 	 79
95 	 84
96 	 89
97 	 94
98 	 99
99 	 104
100 	 109
101 	 114
102 	 119
103 	 124
104 	 129
105 	 134
106 	 139
107 	 144
108 	 149
109 	 154
110 	 159
111 	 164
112 	 169
113 	 174
114 	 179
115 	 184
116 	 189
117 	 194
118 	 2147483647
119 	 57
120 	 62
121 	 67
122 	 72
123 	 77
124 	 82
125 	 87
126 	 92
127 	 97
128 	 102
129 	 107
130 	 112
131 	 117
132 	 122
133 	 127
134 	 132
135 	 137
136 	 142
137 	 147
138 	 152
139 	 157
140 	 162
141 	 167
142 	 177
143 	 182
144 	 187
145 	 192
146 	 197
147 	 202
148 	 2147483647
149 	 70
150 	 75
151 	 85
152 	 90
153 	 95
154 	 100
155 	 105
156 	 110
157 	 115
158 	 120
159 	 125
160 	 130
161 	 135
162 	 140
163 	 145
164 	 150
165 	 155
166 	 160
167 	 165
168 	 170
169 	 175
170 	 180
171 	 190
172 	 200
173 	 205
174 	 210
175 	 215
176 	 2147483647
177 	 83
178 	 88
179 	 98
180 	 103
181 	 108
182 	 113
183 	 118
184 	 123
185 	 128
186 	 133
187 	 138
188 	 143
189 	 148
190 	 153
191 	 158
192 	 163
193 	 168
194 	 173
195 	 178
196 	 183
197 	 188
198 	 193
199 	 198
200 	 203
201 	 213
202 	 218
203 	 223
204 	 228
205 	 233
206 	 2147483647
207 	 96
208 	 101
209 	 106
210 	 111
211 	 121
212 	 126
213 	 131
214 	 136
215 	 141
216 	 146
217 	 151
218 	 156
219 	 161
220 	 166
221 	 171
222 	 176
223 	 181
224 	 186
225 	 191
226 	 196
227 	 201
228 	 206
229 	 211
230 	 216
231 	 221
232 	 226
233 	 231
234 	 236
235 	 241
236 	 246
237 	 2147483647
238 	 109
239 	 114
240 	 119
241 	 124
242 	 134
243 	 144
244 	 149
245 	 154
246 	 159
247 	 164
248 	 169
249 	 174
250 	 179
251 	 184
252 	 189
253 	 194
254 	 199
255 	 209
256 	 214
257 	 219
258 	 229
259 	 234
260 	 239
261 	 244
262 	 249
263 	 254
264 	 259
265 	 2147483647
266 	 122
267 	 127
268 	 137
269 	 142
270 	 147
271 	 157
272 	 162
273 	 167
274 	 177
275 	 182
276 	 187
277 	 192
278 	 197
279 	 202
280 	 207
281 	 212
282 	 222
283 	 227
284 	 232
285 	 242
286 	 247
287 	 252
288 	 257
289 	 262
290 	 267
291 	 272
292 	 2147483647
293 	 135
294 	 140
295 	 150
296 	 155
297 	 160
298 	 165
299 	 170
300 	 175
301 	 180
302 	 190
303 	 195
304 	 200
305 	 205
306 	 210
307 	 215
308 	 220
309 	 225
310 	 230
311 	 235
312 	 240
313 	 245
314 	 250
315 	 255
316 	 260
317 	 265
318 	 270
319 	 275
320 	 280
321 	 285
322 	 2147483647
323 	 148
324 	 153
325 	 158
326 	 163
327 	 168
328 	 173
329 	 178
330 	 183
331 	 193
332 	 198
333 	 203
334 	 208
335 	 213
336 	 218
337 	 223
338 	 228
339 	 233
340 	 238
341 	 243
342 	 248
343 	 253
344 	 258
345 	 263
346 	 268
347 	 273
348 	 278
349 	 283
350 	 288
351 	 293
352 	 298
353 	 2147483647
354 	 161
355 	 166
356 	 171
357 	 176
358 	 181
359 	 186
360 	 191
361 	 196
362 	 206
363 	 211
364 	 216
365 	 221
366 	 226
367 	 231
368 	 236
369 	 241
370 	 246
371 	 251
372 	 261
373 	 266
374 	 271
375 	 276
376 	 281
377 	 286
378 	 291
379 	 296
380 	 301
381 	 306
382 	 311
383 	 2147483647
384 	 174
385 	 179
386 	 199
387 	 204
388 	 209
389 	 214
390 	 219
391 	 224
392 	 229
393 	 234
394 	 239
395 	 244
396 	 249
397 	 254
398 	 259
399 	 264
400 	 274
401 	 279
402 	 284
403 	 289
404 	 294
405 	 299
406 	 304
407 	 309
408 	 314
409 	 319
410 	 324
411 	 2147483647
412 	 192
413 	 197
414 	 202
415 	 207
416 	 212
417 	 217
418 	 222
419 	 227
420 	 232
421 	 237
422 	 242
423 	 247
424 	 257
425 	 262
426 	 267
427 	 272
428 	 277
429 	 282
430 	 287
431 	 292
432 	 297
433 	 302
434 	 307
435 	 312
436 	 317
437 	 322
438 	 327
439 	 332
440 	 337
441 	 2147483647
442 	 205
443 	 210
444 	 215
445 	 220
446 	 225
447 	 230
448 	 235
449 	 240
450 	 245
451 	 250
452 	 255
453 	 260
454 	 270
455 	 275
456 	 280
457 	 285
458 	 290
459 	 295
460 	 300
461 	 305
462 	 310
463 	 320
464 	 325
465 	 330
466 	 335
467 	 340
468 	 345
469 	 350
470 	 2147483647
471 	 2147483647
472 	 218
473 	 223
474 	 228
475 	 233
476 	 238
477 	 243
478 	 248
479 	 253
480 	 258
481 	 263
482 	 268
483 	 273
484 	 278
485 	 283
486 	 288
487 	 293
488 	 298
489 	 303
490 	 308
491 	 313
492 	 318
493 	 323
494 	 333
495 	 338
496 	 343
497 	 348
498 	 353
