
Tempo total de execução: 7.000000 milissegundo(s).

0 	 2147483647
1 	 0
2 	 2147483647
3 	 2147483647
4 	 2147483647
5 	 2147483647
6 	 2147483647
7 	 2147483647
8 	 2147483647
9 	 2147483647
10 	 2147483647
11 	 2147483647
12 	 2147483647
13 	 2147483647
14 	 2147483647
15 	 2147483647
16 	 2147483647
17 	 2147483647
18 	 2147483647
19 	 2147483647
20 	 2147483647
21 	 2147483647
22 	 2147483647
23 	 2147483647
24 	 2147483647
25 	 2147483647
26 	 2147483647
27 	 2147483647
28 	 2147483647
29 	 2147483647
30 	 2147483647
31 	 2147483647
32 	 2147483647
33 	 2147483647
34 	 2147483647
35 	 2147483647
36 	 2147483647
37 	 2147483647
38 	 2147483647
39 	 2147483647
40 	 2147483647
41 	 2147483647
42 	 2147483647
43 	 2147483647
44 	 2147483647
45 	 2147483647
46 	 2147483647
47 	 2147483647
48 	 2147483647
49 	 2147483647
50 	 2147483647
51 	 2147483647
52 	 2147483647
53 	 2147483647
54 	 2147483647
55 	 2147483647
56 	 2147483647
57 	 13
58 	 18
59 	 23
60 	 28
61 	 33
62 	 38
63 	 43
64 	 48
65 	 53
66 	 58
67 	 63
68 	 2147483647
69 	 2147483647
70 	 2147483647
71 	 2147483647
72 	 2147483647
73 	 2147483647
74 	 2147483647
75 	 2147483647
76 	 2147483647
77 	 2147483647
78 	 2147483647
79 	 2147483647
80 	 2147483647
81 	 2147483647
82 	 2147483647
83 	 2147483647
84 	 2147483647
85 	 2147483647
86 	 2147483647
87 	 2147483647
88 	 2147483647
89 	 2147483647
90 	 2147483647
91 	 2147483647
92 	 2147483647
93 	 2147483647
94 	 2147483647
95 	 2147483647
96 	 2147483647
97 	 2147483647
98 	 2147483647
99 	 2147483647
100 	 2147483647
101 	 2147483647
102 	 2147483647
103 	 2147483647
104 	 2147483647
105 	 2147483647
106 	 2147483647
107 	 2147483647
108 	 2147483647
109 	 2147483647
110 	 2147483647
111 	 2147483647
112 	 2147483647
113 	 2147483647
114 	 2147483647
115 	 2147483647
116 	 2147483647
117 	 2147483647
118 	 26
119 	 31
120 	 36
121 	 41
122 	 46
123 	 51
124 	 56
125 	 61
126 	 66
127 	 71
128 	 76
129 	 2147483647
130 	 2147483647
131 	 2147483647
132 	 2147483647
133 	 2147483647
134 	 2147483647
135 	 2147483647
136 	 2147483647
137 	 2147483647
138 	 2147483647
139 	 2147483647
140 	 2147483647
141 	 2147483647
142 	 2147483647
143 	 2147483647
144 	 2147483647
145 	 2147483647
146 	 2147483647
147 	 2147483647
148 	 2147483647
149 	 2147483647
150 	 2147483647
151 	 2147483647
152 	 2147483647
153 	 2147483647
154 	 2147483647
155 	 2147483647
156 	 2147483647
157 	 2147483647
158 	 2147483647
159 	 2147483647
160 	 2147483647
161 	 2147483647
162 	 2147483647
163 	 2147483647
164 	 2147483647
165 	 2147483647
166 	 2147483647
167 	 2147483647
168 	 2147483647
169 	 2147483647
170 	 2147483647
171 	 2147483647
172 	 2147483647
173 	 44
174 	 49
175 	 69
176 	 74
177 	 84
178 	 89
179 	 94
180 	 99
181 	 104
182 	 109
183 	 114
184 	 119
185 	 124
186 	 129
187 	 134
188 	 2147483647
189 	 2147483647
190 	 2147483647
191 	 2147483647
192 	 2147483647
193 	 2147483647
194 	 2147483647
195 	 2147483647
196 	 2147483647
197 	 2147483647
198 	 2147483647
199 	 2147483647
200 	 2147483647
201 	 2147483647
202 	 2147483647
203 	 2147483647
204 	 2147483647
205 	 2147483647
206 	 2147483647
207 	 2147483647
208 	 2147483647
209 	 2147483647
210 	 2147483647
211 	 2147483647
212 	 2147483647
213 	 2147483647
214 	 2147483647
215 	 2147483647
216 	 2147483647
217 	 2147483647
218 	 2147483647
219 	 2147483647
220 	 2147483647
221 	 2147483647
222 	 2147483647
223 	 2147483647
224 	 2147483647
225 	 2147483647
226 	 2147483647
227 	 57
228 	 62
229 	 67
230 	 72
231 	 77
232 	 82
233 	 87
234 	 97
235 	 102
236 	 107
237 	 112
238 	 117
239 	 122
240 	 127
241 	 132
242 	 137
243 	 142
244 	 147
245 	 152
246 	 157
247 	 162
248 	 167
249 	 172
250 	 177
251 	 182
252 	 187
253 	 192
254 	 197
255 	 202
256 	 207
257 	 212
258 	 217
259 	 222
260 	 227
261 	 232
262 	 237
263 	 2147483647
264 	 2147483647
265 	 2147483647
266 	 2147483647
267 	 2147483647
268 	 2147483647
269 	 2147483647
270 	 2147483647
271 	 2147483647
272 	 2147483647
273 	 2147483647
274 	 2147483647
275 	 2147483647
276 	 2147483647
277 	 2147483647
278 	 2147483647
279 	 2147483647
280 	 2147483647
281 	 2147483647
282 	 2147483647
283 	 2147483647
284 	 2147483647
285 	 2147483647
286 	 2147483647
287 	 2147483647
288 	 2147483647
289 	 2147483647
290 	 70
291 	 80
292 	 85
293 	 90
294 	 95
295 	 100
296 	 105
297 	 110
298 	 120
299 	 125
300 	 130
301 	 135
302 	 140
303 	 150
304 	 160
305 	 165
306 	 170
307 	 175
308 	 180
309 	 185
310 	 190
311 	 195
312 	 200
313 	 205
314 	 215
315 	 220
316 	 225
317 	 245
318 	 250
319 	 2147483647
320 	 2147483647
321 	 2147483647
322 	 2147483647
323 	 2147483647
324 	 2147483647
325 	 2147483647
326 	 2147483647
327 	 2147483647
328 	 2147483647
329 	 2147483647
330 	 2147483647
331 	 2147483647
332 	 2147483647
333 	 2147483647
334 	 2147483647
335 	 2147483647
336 	 2147483647
337 	 2147483647
338 	 2147483647
339 	 2147483647
340 	 2147483647
341 	 2147483647
342 	 2147483647
343 	 2147483647
344 	 2147483647
345 	 83
346 	 93
347 	 103
348 	 108
349 	 113
350 	 118
351 	 123
352 	 133
353 	 138
354 	 148
355 	 153
356 	 163
357 	 173
358 	 183
359 	 188
360 	 193
361 	 198
362 	 203
363 	 213
364 	 218
365 	 228
366 	 233
367 	 238
368 	 243
369 	 248
370 	 253
371 	 258
372 	 263
373 	 268
374 	 273
375 	 278
376 	 283
377 	 2147483647
378 	 2147483647
379 	 2147483647
380 	 2147483647
381 	 2147483647
382 	 2147483647
383 	 2147483647
384 	 2147483647
385 	 2147483647
386 	 2147483647
387 	 2147483647
388 	 2147483647
389 	 2147483647
390 	 2147483647
391 	 2147483647
392 	 2147483647
393 	 2147483647
394 	 2147483647
395 	 2147483647
396 	 2147483647
397 	 2147483647
398 	 2147483647
399 	 2147483647
400 	 96
401 	 101
402 	 106
403 	 116
404 	 126
405 	 136
406 	 141
407 	 146
408 	 151
409 	 161
410 	 166
411 	 171
412 	 176
413 	 181
414 	 186
415 	 196
416 	 201
417 	 206
418 	 211
419 	 216
420 	 226
421 	 231
422 	 236
423 	 241
424 	 246
425 	 251
426 	 256
427 	 261
428 	 271
429 	 276
430 	 281
431 	 286
432 	 296
433 	 301
434 	 306
435 	 311
436 	 316
437 	 321
438 	 326
439 	 331
440 	 336
441 	 2147483647
442 	 2147483647
443 	 2147483647
444 	 2147483647
445 	 2147483647
446 	 2147483647
447 	 2147483647
448 	 2147483647
449 	 2147483647
450 	 2147483647
451 	 2147483647
452 	 109
453 	 114
454 	 119
455 	 124
456 	 129
457 	 139
458 	 149
459 	 154
460 	 159
461 	 164
462 	 169
463 	 174
464 	 179
465 	 184
466 	 189
467 	 194
468 	 199
469 	 204
470 	 209
471 	 214
472 	 219
473 	 224
474 	 229
475 	 234
476 	 239
477 	 244
478 	 249
479 	 254
480 	 259
481 	 264
482 	 274
483 	 284
484 	 289
485 	 294
486 	 299
487 	 309
488 	 314
489 	 319
490 	 324
491 	 329
492 	 334
493 	 339
494 	 344
495 	 349
496 	 354
497 	 359
498 	 364
499 	 369
500 	 374
501 	 379
502 	 384
503 	 389
504 	 2147483647
505 	 2147483647
506 	 2147483647
507 	 2147483647
508 	 2147483647
509 	 2147483647
510 	 2147483647
511 	 2147483647
512 	 2147483647
513 	 122
514 	 127
515 	 132
516 	 137
517 	 142
518 	 147
519 	 152
520 	 157
521 	 162
522 	 167
523 	 172
524 	 177
525 	 182
526 	 187
527 	 192
528 	 197
529 	 202
530 	 207
531 	 212
532 	 217
533 	 222
534 	 227
535 	 232
536 	 237
537 	 242
538 	 247
539 	 252
540 	 272
541 	 277
542 	 287
543 	 292
544 	 297
545 	 307
546 	 312
547 	 317
548 	 322
549 	 327
550 	 332
551 	 337
552 	 342
553 	 347
554 	 352
555 	 357
556 	 367
557 	 377
558 	 387
559 	 392
560 	 397
561 	 402
562 	 407
563 	 412
564 	 417
565 	 422
566 	 427
567 	 432
568 	 437
569 	 442
570 	 447
571 	 452
572 	 457
573 	 462
574 	 467
575 	 2147483647
576 	 2147483647
577 	 140
578 	 145
579 	 150
580 	 155
581 	 160
582 	 165
583 	 170
584 	 175
585 	 180
586 	 185
587 	 190
588 	 195
589 	 200
590 	 205
591 	 210
592 	 215
593 	 220
594 	 225
595 	 230
596 	 235
597 	 240
598 	 245
599 	 250
600 	 255
601 	 260
602 	 265
603 	 270
604 	 275
605 	 280
606 	 285
607 	 290
608 	 295
609 	 300
610 	 305
611 	 310
612 	 320
613 	 325
614 	 330
615 	 335
616 	 340
617 	 345
618 	 350
619 	 355
620 	 360
621 	 365
622 	 370
623 	 380
624 	 390
625 	 400
626 	 405
627 	 415
628 	 420
629 	 425
630 	 430
631 	 435
632 	 455
633 	 460
634 	 465
635 	 470
636 	 475
637 	 480
638 	 2147483647
639 	 2147483647
640 	 2147483647
641 	 158
642 	 163
643 	 168
644 	 173
645 	 178
646 	 183
647 	 188
648 	 193
649 	 198
650 	 203
651 	 208
652 	 213
653 	 218
654 	 223
655 	 228
656 	 233
657 	 238
658 	 243
659 	 248
660 	 253
661 	 258
662 	 263
663 	 268
664 	 273
665 	 278
666 	 283
667 	 288
668 	 293
669 	 298
670 	 303
671 	 308
672 	 313
673 	 318
674 	 323
675 	 328
676 	 333
677 	 338
678 	 343
679 	 348
680 	 353
681 	 358
682 	 363
683 	 368
684 	 373
685 	 378
686 	 383
687 	 388
688 	 393
689 	 398
690 	 403
691 	 408
692 	 413
693 	 418
694 	 428
695 	 433
696 	 438
697 	 443
698 	 448
699 	 453
700 	 458
701 	 463
702 	 468
703 	 473
704 	 478
705 	 483
706 	 488
707 	 2147483647
708 	 2147483647
709 	 2147483647
710 	 2147483647
711 	 176
712 	 181
713 	 186
714 	 191
715 	 196
716 	 201
717 	 206
718 	 211
719 	 216
720 	 221
721 	 231
722 	 236
723 	 241
724 	 246
725 	 251
726 	 256
727 	 261
728 	 266
729 	 271
730 	 276
731 	 281
732 	 286
733 	 291
734 	 296
735 	 301
736 	 306
737 	 311
738 	 316
739 	 321
740 	 326
741 	 331
742 	 336
743 	 356
744 	 361
745 	 366
746 	 371
747 	 376
748 	 381
749 	 386
750 	 391
751 	 396
752 	 401
753 	 406
754 	 411
755 	 416
756 	 421
757 	 426
758 	 431
759 	 436
760 	 441
761 	 446
762 	 451
763 	 471
764 	 476
765 	 486
766 	 491
767 	 496
768 	 501
769 	 2147483647
770 	 2147483647
771 	 2147483647
772 	 2147483647
773 	 2147483647
774 	 194
775 	 199
776 	 204
777 	 209
778 	 214
779 	 219
780 	 224
781 	 229
782 	 234
783 	 244
784 	 249
785 	 259
786 	 264
787 	 269
788 	 274
789 	 279
790 	 284
791 	 289
792 	 294
793 	 299
794 	 304
795 	 309
796 	 314
797 	 319
798 	 324
799 	 329
800 	 334
801 	 339
802 	 344
803 	 349
804 	 354
805 	 359
806 	 364
807 	 369
808 	 374
809 	 379
810 	 384
811 	 389
812 	 394
813 	 399
814 	 404
815 	 409
816 	 414
817 	 419
818 	 424
819 	 429
820 	 434
821 	 439
822 	 444
823 	 449
824 	 454
825 	 459
826 	 464
827 	 469
828 	 474
829 	 479
830 	 484
831 	 489
832 	 499
833 	 504
834 	 514
835 	 519
836 	 2147483647
837 	 2147483647
838 	 2147483647
839 	 2147483647
840 	 2147483647
841 	 212
842 	 217
843 	 222
844 	 227
845 	 232
846 	 237
847 	 242
848 	 247
849 	 252
850 	 257
851 	 262
852 	 272
853 	 277
854 	 282
855 	 287
856 	 292
857 	 297
858 	 302
859 	 307
860 	 312
861 	 317
862 	 322
863 	 327
864 	 332
865 	 337
866 	 342
867 	 347
868 	 352
869 	 357
870 	 362
871 	 367
872 	 372
873 	 377
874 	 382
875 	 387
876 	 392
877 	 397
878 	 417
879 	 422
880 	 427
881 	 432
882 	 437
883 	 442
884 	 447
885 	 452
886 	 457
887 	 462
888 	 472
889 	 492
890 	 497
891 	 502
892 	 507
893 	 512
894 	 517
895 	 527
896 	 532
897 	 2147483647
898 	 2147483647
899 	 2147483647
900 	 2147483647
901 	 2147483647
902 	 225
903 	 230
904 	 235
905 	 240
906 	 245
907 	 250
908 	 255
909 	 260
910 	 265
911 	 270
912 	 275
913 	 280
914 	 285
915 	 290
916 	 295
917 	 300
918 	 305
919 	 310
920 	 315
921 	 320
922 	 325
923 	 330
924 	 335
925 	 340
926 	 345
927 	 350
928 	 355
929 	 360
930 	 365
931 	 370
932 	 375
933 	 380
934 	 385
935 	 390
936 	 395
937 	 400
938 	 405
939 	 410
940 	 415
941 	 420
942 	 425
943 	 430
944 	 435
945 	 445
946 	 450
947 	 455
948 	 460
949 	 465
950 	 470
951 	 475
952 	 485
953 	 490
954 	 495
955 	 500
956 	 505
957 	 510
958 	 515
959 	 520
960 	 525
961 	 530
962 	 535
963 	 540
964 	 545
965 	 2147483647
966 	 2147483647
967 	 2147483647
968 	 2147483647
969 	 2147483647
970 	 2147483647
971 	 238
972 	 243
973 	 248
974 	 253
975 	 258
976 	 263
977 	 268
978 	 273
979 	 278
980 	 283
981 	 288
982 	 293
983 	 298
984 	 303
985 	 308
986 	 313
987 	 318
988 	 323
989 	 328
990 	 333
991 	 338
992 	 343
993 	 348
994 	 353
995 	 358
996 	 363
997 	 368
998 	 373
999 	 378
1000 	 383
1001 	 388
1002 	 393
1003 	 398
1004 	 403
1005 	 408
1006 	 413
1007 	 418
1008 	 423
1009 	 428
1010 	 433
1011 	 438
1012 	 443
1013 	 448
1014 	 458
1015 	 478
1016 	 483
1017 	 488
1018 	 493
1019 	 498
1020 	 503
1021 	 508
1022 	 518
1023 	 523
1024 	 528
1025 	 533
1026 	 538
1027 	 543
1028 	 548
1029 	 558
1030 	 2147483647
1031 	 2147483647
1032 	 2147483647
1033 	 2147483647
1034 	 2147483647
1035 	 2147483647
1036 	 251
1037 	 256
1038 	 261
1039 	 266
1040 	 271
1041 	 276
1042 	 281
1043 	 286
1044 	 291
1045 	 296
1046 	 301
1047 	 306
1048 	 311
1049 	 316
1050 	 321
1051 	 326
1052 	 331
1053 	 336
1054 	 341
1055 	 346
1056 	 351
1057 	 356
1058 	 361
1059 	 366
1060 	 371
1061 	 376
1062 	 381
1063 	 386
1064 	 391
1065 	 396
1066 	 401
1067 	 406
1068 	 411
1069 	 416
1070 	 421
1071 	 426
1072 	 431
1073 	 436
1074 	 441
1075 	 446
1076 	 451
1077 	 456
1078 	 461
1079 	 466
1080 	 471
1081 	 476
1082 	 481
1083 	 486
1084 	 491
1085 	 496
1086 	 501
1087 	 506
1088 	 511
1089 	 516
1090 	 521
1091 	 531
1092 	 541
1093 	 546
1094 	 551
1095 	 561
1096 	 571
1097 	 2147483647
1098 	 2147483647
1099 	 2147483647
1100 	 2147483647
1101 	 2147483647
1102 	 264
1103 	 269
1104 	 274
1105 	 279
1106 	 284
1107 	 289
1108 	 294
1109 	 299
1110 	 304
1111 	 309
1112 	 314
1113 	 319
1114 	 324
1115 	 329
1116 	 334
1117 	 339
1118 	 344
1119 	 349
1120 	 354
1121 	 359
1122 	 364
1123 	 369
1124 	 374
1125 	 379
1126 	 384
1127 	 389
1128 	 394
1129 	 399
1130 	 404
1131 	 409
1132 	 414
1133 	 419
1134 	 424
1135 	 429
1136 	 434
1137 	 439
1138 	 444
1139 	 449
1140 	 454
1141 	 459
1142 	 464
1143 	 469
1144 	 474
1145 	 479
1146 	 489
1147 	 494
1148 	 499
1149 	 504
1150 	 509
1151 	 514
1152 	 519
1153 	 524
1154 	 529
1155 	 534
1156 	 539
1157 	 544
1158 	 554
1159 	 559
1160 	 564
1161 	 574
1162 	 579
1163 	 584
1164 	 2147483647
1165 	 2147483647
1166 	 2147483647
1167 	 2147483647
1168 	 2147483647
1169 	 282
1170 	 287
1171 	 292
1172 	 297
1173 	 302
1174 	 312
1175 	 317
1176 	 322
1177 	 332
1178 	 337
1179 	 342
1180 	 347
1181 	 352
1182 	 357
1183 	 362
1184 	 367
1185 	 372
1186 	 377
1187 	 382
1188 	 387
1189 	 392
1190 	 397
1191 	 402
1192 	 407
1193 	 412
1194 	 417
1195 	 422
1196 	 427
1197 	 432
1198 	 437
1199 	 442
1200 	 447
1201 	 452
1202 	 457
1203 	 462
1204 	 467
1205 	 472
1206 	 477
1207 	 482
1208 	 487
1209 	 492
1210 	 502
1211 	 507
1212 	 512
1213 	 517
1214 	 522
1215 	 527
1216 	 532
1217 	 537
1218 	 542
1219 	 547
1220 	 552
1221 	 557
1222 	 562
1223 	 567
1224 	 572
1225 	 577
1226 	 582
1227 	 587
1228 	 592
1229 	 597
1230 	 2147483647
1231 	 2147483647
1232 	 2147483647
1233 	 2147483647
1234 	 2147483647
1235 	 295
1236 	 300
1237 	 305
1238 	 310
1239 	 315
1240 	 325
1241 	 330
1242 	 335
1243 	 345
1244 	 350
1245 	 355
1246 	 360
1247 	 365
1248 	 370
1249 	 375
1250 	 380
1251 	 385
1252 	 390
1253 	 395
1254 	 400
1255 	 405
1256 	 410
1257 	 415
1258 	 420
1259 	 425
1260 	 430
1261 	 435
1262 	 440
1263 	 445
1264 	 450
1265 	 455
1266 	 460
1267 	 465
1268 	 475
1269 	 480
1270 	 485
1271 	 490
1272 	 495
1273 	 500
1274 	 505
1275 	 510
1276 	 515
1277 	 520
1278 	 525
1279 	 530
1280 	 535
1281 	 540
1282 	 550
1283 	 555
1284 	 560
1285 	 565
1286 	 570
1287 	 580
1288 	 585
1289 	 590
1290 	 595
1291 	 600
1292 	 605
1293 	 2147483647
1294 	 2147483647
1295 	 2147483647
1296 	 2147483647
1297 	 2147483647
1298 	 2147483647
1299 	 308
1300 	 313
1301 	 318
1302 	 323
1303 	 328
1304 	 333
1305 	 338
1306 	 343
1307 	 348
1308 	 353
1309 	 358
1310 	 368
1311 	 373
1312 	 378
1313 	 383
1314 	 388
1315 	 393
1316 	 398
1317 	 408
1318 	 413
1319 	 418
1320 	 423
1321 	 428
1322 	 433
1323 	 438
1324 	 443
1325 	 448
1326 	 453
1327 	 458
1328 	 463
1329 	 468
1330 	 473
1331 	 478
1332 	 488
1333 	 498
1334 	 503
1335 	 508
1336 	 518
1337 	 528
1338 	 533
1339 	 538
1340 	 548
1341 	 553
1342 	 563
1343 	 573
1344 	 583
1345 	 593
1346 	 613
1347 	 618
1348 	 2147483647
1349 	 2147483647
1350 	 2147483647
1351 	 2147483647
1352 	 2147483647
1353 	 2147483647
1354 	 321
1355 	 326
1356 	 331
1357 	 341
1358 	 346
1359 	 351
1360 	 356
1361 	 361
1362 	 366
1363 	 371
1364 	 381
1365 	 391
1366 	 396
1367 	 401
1368 	 406
1369 	 411
1370 	 421
1371 	 426
1372 	 431
1373 	 436
1374 	 441
1375 	 451
1376 	 461
1377 	 466
1378 	 471
1379 	 476
1380 	 481
1381 	 486
1382 	 491
1383 	 496
1384 	 501
1385 	 511
1386 	 516
1387 	 521
1388 	 531
1389 	 541
1390 	 546
1391 	 551
1392 	 561
1393 	 566
1394 	 571
1395 	 576
1396 	 586
1397 	 596
1398 	 601
1399 	 606
1400 	 611
1401 	 616
1402 	 621
1403 	 626
1404 	 631
1405 	 636
1406 	 2147483647
1407 	 2147483647
1408 	 2147483647
1409 	 2147483647
1410 	 2147483647
1411 	 334
1412 	 339
1413 	 344
1414 	 354
1415 	 359
1416 	 364
1417 	 369
1418 	 374
1419 	 379
1420 	 384
1421 	 389
1422 	 394
1423 	 404
1424 	 409
1425 	 414
1426 	 419
1427 	 424
1428 	 429
1429 	 434
1430 	 439
1431 	 444
1432 	 449
1433 	 454
1434 	 464
1435 	 474
1436 	 479
1437 	 484
1438 	 494
1439 	 499
1440 	 504
1441 	 509
1442 	 514
1443 	 519
1444 	 524
1445 	 529
1446 	 534
1447 	 539
1448 	 544
1449 	 549
1450 	 554
1451 	 559
1452 	 564
1453 	 569
1454 	 574
1455 	 579
1456 	 584
1457 	 589
1458 	 594
1459 	 599
1460 	 604
1461 	 609
1462 	 614
1463 	 619
1464 	 624
1465 	 629
1466 	 634
1467 	 639
1468 	 644
1469 	 2147483647
1470 	 2147483647
1471 	 2147483647
1472 	 2147483647
1473 	 2147483647
1474 	 2147483647
1475 	 347
1476 	 352
1477 	 357
1478 	 362
1479 	 367
1480 	 372
1481 	 377
1482 	 382
1483 	 387
1484 	 392
1485 	 397
1486 	 402
1487 	 407
1488 	 412
1489 	 417
1490 	 427
1491 	 432
1492 	 437
1493 	 442
1494 	 447
1495 	 452
1496 	 457
1497 	 462
1498 	 467
1499 	 472
1500 	 477
1501 	 482
1502 	 487
1503 	 492
1504 	 497
1505 	 507
1506 	 512
1507 	 517
1508 	 522
1509 	 527
1510 	 532
1511 	 537
1512 	 542
1513 	 547
1514 	 552
1515 	 557
1516 	 562
1517 	 567
1518 	 572
1519 	 577
1520 	 582
1521 	 587
1522 	 592
1523 	 597
1524 	 602
1525 	 607
1526 	 612
1527 	 617
1528 	 622
1529 	 627
1530 	 632
1531 	 637
1532 	 642
1533 	 647
1534 	 657
1535 	 2147483647
1536 	 2147483647
1537 	 2147483647
1538 	 2147483647
1539 	 2147483647
1540 	 2147483647
1541 	 2147483647
1542 	 2147483647
1543 	 365
1544 	 370
1545 	 375
1546 	 380
1547 	 385
1548 	 390
1549 	 395
1550 	 400
1551 	 405
1552 	 410
1553 	 415
1554 	 420
1555 	 425
1556 	 430
1557 	 440
1558 	 450
1559 	 455
1560 	 460
1561 	 465
1562 	 470
1563 	 475
1564 	 480
1565 	 485
1566 	 490
1567 	 495
1568 	 500
1569 	 505
1570 	 510
1571 	 515
1572 	 520
1573 	 525
1574 	 530
1575 	 535
1576 	 540
1577 	 545
1578 	 550
1579 	 555
1580 	 560
1581 	 570
1582 	 575
1583 	 580
1584 	 585
1585 	 590
1586 	 595
1587 	 600
1588 	 605
1589 	 610
1590 	 615
1591 	 620
1592 	 625
1593 	 630
1594 	 635
1595 	 640
1596 	 650
1597 	 655
1598 	 660
1599 	 670
1600 	 675
1601 	 2147483647
1602 	 2147483647
1603 	 2147483647
1604 	 2147483647
1605 	 2147483647
1606 	 2147483647
1607 	 2147483647
1608 	 2147483647
1609 	 378
1610 	 383
1611 	 388
1612 	 393
1613 	 398
1614 	 403
1615 	 408
1616 	 413
1617 	 418
1618 	 423
1619 	 428
1620 	 433
1621 	 438
1622 	 443
1623 	 448
1624 	 453
1625 	 463
1626 	 468
1627 	 473
1628 	 478
1629 	 483
1630 	 488
1631 	 493
1632 	 498
1633 	 503
1634 	 508
1635 	 513
1636 	 518
1637 	 523
1638 	 528
1639 	 533
1640 	 538
1641 	 543
1642 	 548
1643 	 553
1644 	 558
1645 	 563
1646 	 568
1647 	 573
1648 	 583
1649 	 588
1650 	 593
1651 	 598
1652 	 603
1653 	 608
1654 	 613
1655 	 618
1656 	 623
1657 	 628
1658 	 633
1659 	 638
1660 	 643
1661 	 648
1662 	 653
1663 	 663
1664 	 668
1665 	 673
1666 	 678
1667 	 683
1668 	 688
1669 	 2147483647
1670 	 2147483647
1671 	 2147483647
1672 	 2147483647
1673 	 391
1674 	 396
1675 	 406
1676 	 416
1677 	 421
1678 	 426
1679 	 436
1680 	 441
1681 	 446
1682 	 451
1683 	 456
1684 	 461
1685 	 466
1686 	 471
1687 	 476
1688 	 481
1689 	 486
1690 	 491
1691 	 496
1692 	 501
1693 	 506
1694 	 511
1695 	 516
1696 	 521
1697 	 526
1698 	 531
1699 	 536
1700 	 541
1701 	 546
1702 	 551
1703 	 556
1704 	 566
1705 	 571
1706 	 576
1707 	 581
1708 	 586
1709 	 591
1710 	 596
1711 	 601
1712 	 606
1713 	 611
1714 	 616
1715 	 621
1716 	 626
1717 	 631
1718 	 636
1719 	 641
1720 	 646
1721 	 651
1722 	 656
1723 	 661
1724 	 666
1725 	 671
1726 	 676
1727 	 686
1728 	 691
1729 	 696
1730 	 701
1731 	 2147483647
1732 	 2147483647
1733 	 2147483647
1734 	 2147483647
1735 	 2147483647
1736 	 2147483647
1737 	 404
1738 	 409
1739 	 419
1740 	 429
1741 	 439
1742 	 449
1743 	 454
1744 	 459
1745 	 469
1746 	 474
1747 	 479
1748 	 484
1749 	 489
1750 	 494
1751 	 499
1752 	 504
1753 	 509
1754 	 514
1755 	 519
1756 	 524
1757 	 534
1758 	 539
1759 	 544
1760 	 549
1761 	 554
1762 	 559
1763 	 564
1764 	 569
1765 	 579
1766 	 589
1767 	 599
1768 	 604
1769 	 609
1770 	 614
1771 	 624
1772 	 629
1773 	 634
1774 	 639
1775 	 644
1776 	 649
1777 	 654
1778 	 659
1779 	 664
1780 	 669
1781 	 674
1782 	 679
1783 	 684
1784 	 689
1785 	 699
1786 	 709
1787 	 2147483647
1788 	 2147483647
1789 	 2147483647
1790 	 2147483647
1791 	 2147483647
1792 	 2147483647
1793 	 417
1794 	 422
1795 	 427
1796 	 432
1797 	 437
1798 	 442
1799 	 452
1800 	 457
1801 	 462
1802 	 467
1803 	 472
1804 	 482
1805 	 487
1806 	 492
1807 	 497
1808 	 502
1809 	 507
1810 	 512
1811 	 517
1812 	 522
1813 	 527
1814 	 532
1815 	 537
1816 	 547
1817 	 552
1818 	 557
1819 	 562
1820 	 567
1821 	 572
1822 	 582
1823 	 587
1824 	 592
1825 	 602
1826 	 612
1827 	 617
1828 	 622
1829 	 627
1830 	 637
1831 	 642
1832 	 647
1833 	 657
1834 	 667
1835 	 672
1836 	 677
1837 	 682
1838 	 687
1839 	 692
1840 	 702
1841 	 707
1842 	 712
1843 	 722
1844 	 2147483647
1845 	 2147483647
1846 	 2147483647
1847 	 2147483647
1848 	 2147483647
1849 	 435
1850 	 440
1851 	 450
1852 	 455
1853 	 460
1854 	 465
1855 	 470
1856 	 475
1857 	 480
1858 	 485
1859 	 490
1860 	 495
1861 	 500
1862 	 505
1863 	 510
1864 	 515
1865 	 525
1866 	 535
1867 	 545
1868 	 550
1869 	 555
1870 	 560
1871 	 565
1872 	 570
1873 	 575
1874 	 580
1875 	 585
1876 	 595
1877 	 600
1878 	 605
1879 	 610
1880 	 615
1881 	 620
1882 	 625
1883 	 630
1884 	 640
1885 	 645
1886 	 650
1887 	 655
1888 	 660
1889 	 670
1890 	 680
1891 	 685
1892 	 690
1893 	 695
1894 	 700
1895 	 705
1896 	 715
1897 	 720
1898 	 725
1899 	 730
1900 	 735
1901 	 740
1902 	 2147483647
1903 	 2147483647
1904 	 2147483647
1905 	 2147483647
1906 	 2147483647
1907 	 2147483647
1908 	 2147483647
1909 	 448
1910 	 453
1911 	 463
1912 	 468
1913 	 473
1914 	 478
1915 	 483
1916 	 488
1917 	 493
1918 	 498
1919 	 503
1920 	 508
1921 	 513
1922 	 518
1923 	 523
1924 	 528
1925 	 538
1926 	 548
1927 	 558
1928 	 563
1929 	 568
1930 	 573
1931 	 578
1932 	 583
1933 	 588
1934 	 593
1935 	 598
1936 	 603
1937 	 608
1938 	 618
1939 	 623
1940 	 628
1941 	 633
1942 	 638
1943 	 643
1944 	 653
1945 	 658
1946 	 663
1947 	 668
1948 	 673
1949 	 678
1950 	 683
1951 	 688
1952 	 693
1953 	 703
1954 	 708
1955 	 713
1956 	 718
1957 	 723
1958 	 728
1959 	 733
1960 	 753
1961 	 2147483647
1962 	 2147483647
1963 	 2147483647
1964 	 2147483647
1965 	 461
1966 	 466
1967 	 471
1968 	 476
1969 	 481
1970 	 501
1971 	 506
1972 	 516
1973 	 521
1974 	 526
1975 	 531
1976 	 536
1977 	 541
1978 	 546
1979 	 551
1980 	 556
1981 	 561
1982 	 566
1983 	 571
1984 	 576
1985 	 581
1986 	 586
1987 	 591
1988 	 596
1989 	 601
1990 	 606
1991 	 611
1992 	 616
1993 	 621
1994 	 631
1995 	 651
1996 	 656
1997 	 661
1998 	 666
1999 	 671
2000 	 676
2001 	 681
2002 	 686
2003 	 691
2004 	 696
2005 	 701
2006 	 706
2007 	 716
2008 	 721
2009 	 726
2010 	 731
2011 	 736
2012 	 746
2013 	 751
2014 	 756
2015 	 761
2016 	 766
2017 	 2147483647
2018 	 2147483647
2019 	 2147483647
2020 	 2147483647
2021 	 2147483647
2022 	 2147483647
2023 	 2147483647
2024 	 2147483647
2025 	 2147483647
2026 	 474
2027 	 479
2028 	 484
2029 	 489
2030 	 494
2031 	 499
2032 	 504
2033 	 509
2034 	 514
2035 	 519
2036 	 529
2037 	 549
2038 	 554
2039 	 559
2040 	 564
2041 	 574
2042 	 579
2043 	 584
2044 	 589
2045 	 594
2046 	 599
2047 	 604
2048 	 609
2049 	 629
2050 	 634
2051 	 639
2052 	 644
2053 	 649
2054 	 654
2055 	 659
2056 	 664
2057 	 669
2058 	 689
2059 	 694
2060 	 714
2061 	 719
2062 	 724
2063 	 729
2064 	 734
2065 	 739
2066 	 744
2067 	 749
2068 	 759
2069 	 779
2070 	 2147483647
2071 	 2147483647
2072 	 2147483647
2073 	 2147483647
2074 	 2147483647
2075 	 2147483647
2076 	 2147483647
2077 	 487
2078 	 497
2079 	 502
2080 	 507
2081 	 512
2082 	 517
2083 	 522
2084 	 527
2085 	 532
2086 	 537
2087 	 542
2088 	 547
2089 	 552
2090 	 557
2091 	 562
2092 	 567
2093 	 572
2094 	 577
2095 	 587
2096 	 597
2097 	 602
2098 	 607
2099 	 617
2100 	 622
2101 	 627
2102 	 632
2103 	 637
2104 	 642
2105 	 647
2106 	 657
2107 	 667
2108 	 672
2109 	 677
2110 	 682
2111 	 687
2112 	 692
2113 	 697
2114 	 702
2115 	 707
2116 	 712
2117 	 717
2118 	 722
2119 	 727
2120 	 732
2121 	 737
2122 	 742
2123 	 747
2124 	 752
2125 	 757
2126 	 762
2127 	 767
2128 	 772
2129 	 777
2130 	 782
2131 	 787
2132 	 792
2133 	 2147483647
2134 	 2147483647
2135 	 2147483647
2136 	 2147483647
2137 	 2147483647
2138 	 500
2139 	 510
2140 	 520
2141 	 530
2142 	 540
2143 	 550
2144 	 555
2145 	 560
2146 	 565
2147 	 570
2148 	 575
2149 	 585
2150 	 590
2151 	 595
2152 	 600
2153 	 610
2154 	 620
2155 	 630
2156 	 635
2157 	 640
2158 	 645
2159 	 650
2160 	 660
2161 	 670
2162 	 680
2163 	 685
2164 	 690
2165 	 695
2166 	 700
2167 	 705
2168 	 710
2169 	 715
2170 	 720
2171 	 725
2172 	 730
2173 	 735
2174 	 740
2175 	 745
2176 	 750
2177 	 760
2178 	 770
2179 	 780
2180 	 800
2181 	 805
2182 	 2147483647
2183 	 2147483647
2184 	 2147483647
2185 	 2147483647
2186 	 2147483647
2187 	 2147483647
2188 	 2147483647
2189 	 513
2190 	 518
2191 	 523
2192 	 533
2193 	 543
2194 	 553
2195 	 563
2196 	 568
2197 	 578
2198 	 588
2199 	 598
2200 	 603
2201 	 608
2202 	 613
2203 	 618
2204 	 623
2205 	 633
2206 	 638
2207 	 643
2208 	 653
2209 	 658
2210 	 663
2211 	 673
2212 	 678
2213 	 683
2214 	 688
2215 	 693
2216 	 698
2217 	 708
2218 	 718
2219 	 723
2220 	 733
2221 	 743
2222 	 753
2223 	 763
2224 	 773
2225 	 783
2226 	 793
2227 	 798
2228 	 803
2229 	 808
2230 	 813
2231 	 818
2232 	 2147483647
2233 	 2147483647
2234 	 2147483647
2235 	 2147483647
2236 	 2147483647
2237 	 2147483647
2238 	 2147483647
2239 	 2147483647
2240 	 2147483647
2241 	 2147483647
2242 	 531
2243 	 536
2244 	 541
2245 	 546
2246 	 551
2247 	 556
2248 	 561
2249 	 566
2250 	 571
2251 	 576
2252 	 581
2253 	 591
2254 	 601
2255 	 606
2256 	 611
2257 	 616
2258 	 621
2259 	 626
2260 	 631
2261 	 636
2262 	 641
2263 	 646
2264 	 651
2265 	 656
2266 	 666
2267 	 671
2268 	 676
2269 	 681
2270 	 686
2271 	 691
2272 	 696
2273 	 701
2274 	 706
2275 	 711
2276 	 721
2277 	 731
2278 	 736
2279 	 746
2280 	 756
2281 	 766
2282 	 776
2283 	 781
2284 	 786
2285 	 791
2286 	 796
2287 	 801
2288 	 806
2289 	 811
2290 	 816
2291 	 826
2292 	 2147483647
2293 	 2147483647
2294 	 2147483647
2295 	 2147483647
2296 	 2147483647
2297 	 2147483647
2298 	 2147483647
2299 	 2147483647
2300 	 2147483647
2301 	 549
2302 	 559
2303 	 564
2304 	 569
2305 	 574
2306 	 579
2307 	 584
2308 	 594
2309 	 599
2310 	 604
2311 	 609
2312 	 614
2313 	 619
2314 	 624
2315 	 629
2316 	 634
2317 	 639
2318 	 644
2319 	 649
2320 	 654
2321 	 659
2322 	 664
2323 	 669
2324 	 674
2325 	 679
2326 	 684
2327 	 689
2328 	 694
2329 	 699
2330 	 704
2331 	 709
2332 	 714
2333 	 719
2334 	 724
2335 	 729
2336 	 734
2337 	 739
2338 	 744
2339 	 749
2340 	 754
2341 	 759
2342 	 764
2343 	 769
2344 	 774
2345 	 779
2346 	 784
2347 	 789
2348 	 794
2349 	 799
2350 	 804
2351 	 809
2352 	 814
2353 	 819
2354 	 824
2355 	 829
2356 	 839
2357 	 2147483647
2358 	 2147483647
2359 	 2147483647
2360 	 2147483647
2361 	 2147483647
2362 	 2147483647
2363 	 2147483647
2364 	 2147483647
2365 	 2147483647
2366 	 562
2367 	 572
2368 	 592
2369 	 597
2370 	 607
2371 	 612
2372 	 617
2373 	 622
2374 	 627
2375 	 632
2376 	 637
2377 	 642
2378 	 647
2379 	 652
2380 	 657
2381 	 662
2382 	 667
2383 	 672
2384 	 677
2385 	 687
2386 	 692
2387 	 697
2388 	 702
2389 	 707
2390 	 712
2391 	 717
2392 	 722
2393 	 727
2394 	 732
2395 	 737
2396 	 742
2397 	 747
2398 	 752
2399 	 762
2400 	 772
2401 	 792
2402 	 797
2403 	 802
2404 	 812
2405 	 817
2406 	 822
2407 	 827
2408 	 832
2409 	 837
2410 	 842
2411 	 847
2412 	 852
2413 	 857
2414 	 2147483647
2415 	 2147483647
2416 	 2147483647
2417 	 2147483647
2418 	 2147483647
2419 	 2147483647
2420 	 2147483647
2421 	 2147483647
2422 	 2147483647
2423 	 575
2424 	 580
2425 	 585
2426 	 590
2427 	 595
2428 	 600
2429 	 605
2430 	 610
2431 	 615
2432 	 620
2433 	 625
2434 	 630
2435 	 635
2436 	 640
2437 	 645
2438 	 650
2439 	 655
2440 	 660
2441 	 670
2442 	 675
2443 	 680
2444 	 690
2445 	 700
2446 	 705
2447 	 710
2448 	 715
2449 	 720
2450 	 725
2451 	 735
2452 	 745
2453 	 750
2454 	 755
2455 	 760
2456 	 765
2457 	 775
2458 	 785
2459 	 790
2460 	 795
2461 	 800
2462 	 805
2463 	 810
2464 	 815
2465 	 825
2466 	 845
2467 	 850
2468 	 860
2469 	 870
2470 	 2147483647
2471 	 2147483647
2472 	 2147483647
2473 	 2147483647
2474 	 593
2475 	 598
2476 	 603
2477 	 608
2478 	 613
2479 	 618
2480 	 623
2481 	 628
2482 	 638
2483 	 658
2484 	 663
2485 	 668
2486 	 673
2487 	 683
2488 	 688
2489 	 693
2490 	 703
2491 	 708
2492 	 713
2493 	 733
2494 	 738
2495 	 748
2496 	 758
2497 	 778
2498 	 783
2499 	 788
2500 	 793
2501 	 798
2502 	 803
2503 	 823
2504 	 828
2505 	 833
2506 	 838
2507 	 843
2508 	 848
2509 	 853
2510 	 858
2511 	 863
2512 	 873
2513 	 883
2514 	 2147483647
2515 	 2147483647
2516 	 2147483647
2517 	 2147483647
2518 	 2147483647
2519 	 2147483647
2520 	 2147483647
2521 	 2147483647
2522 	 2147483647
2523 	 2147483647
2524 	 2147483647
2525 	 2147483647
2526 	 606
2527 	 626
2528 	 631
2529 	 641
2530 	 651
2531 	 656
2532 	 661
2533 	 666
2534 	 671
2535 	 676
2536 	 686
2537 	 691
2538 	 696
2539 	 701
2540 	 706
2541 	 711
2542 	 716
2543 	 721
2544 	 726
2545 	 731
2546 	 736
2547 	 741
2548 	 746
2549 	 751
2550 	 756
2551 	 761
2552 	 766
2553 	 771
2554 	 776
2555 	 781
2556 	 786
2557 	 791
2558 	 801
2559 	 811
2560 	 816
2561 	 821
2562 	 826
2563 	 831
2564 	 836
2565 	 841
2566 	 851
2567 	 856
2568 	 861
2569 	 866
2570 	 871
2571 	 876
2572 	 881
2573 	 886
2574 	 891
2575 	 896
2576 	 2147483647
2577 	 2147483647
2578 	 2147483647
2579 	 2147483647
2580 	 2147483647
2581 	 2147483647
2582 	 2147483647
2583 	 2147483647
2584 	 2147483647
2585 	 2147483647
2586 	 619
2587 	 624
2588 	 629
2589 	 634
2590 	 639
2591 	 644
2592 	 654
2593 	 659
2594 	 664
2595 	 669
2596 	 674
2597 	 679
2598 	 684
2599 	 689
2600 	 699
2601 	 704
2602 	 709
2603 	 714
2604 	 719
2605 	 724
2606 	 729
2607 	 734
2608 	 744
2609 	 754
2610 	 764
2611 	 784
2612 	 789
2613 	 794
2614 	 799
2615 	 804
2616 	 814
2617 	 824
2618 	 844
2619 	 854
2620 	 864
2621 	 869
2622 	 874
2623 	 879
2624 	 884
2625 	 889
2626 	 894
2627 	 899
2628 	 904
2629 	 2147483647
2630 	 2147483647
2631 	 2147483647
2632 	 2147483647
2633 	 2147483647
2634 	 2147483647
2635 	 2147483647
2636 	 2147483647
2637 	 2147483647
2638 	 2147483647
2639 	 632
2640 	 637
2641 	 642
2642 	 647
2643 	 652
2644 	 657
2645 	 662
2646 	 667
2647 	 677
2648 	 682
2649 	 687
2650 	 692
2651 	 697
2652 	 702
2653 	 707
2654 	 712
2655 	 717
2656 	 722
2657 	 727
2658 	 732
2659 	 742
2660 	 747
2661 	 757
2662 	 767
2663 	 777
2664 	 782
2665 	 787
2666 	 792
2667 	 797
2668 	 802
2669 	 807
2670 	 817
2671 	 822
2672 	 827
2673 	 832
2674 	 837
2675 	 842
2676 	 847
2677 	 852
2678 	 857
2679 	 867
2680 	 872
2681 	 877
2682 	 887
2683 	 897
2684 	 902
2685 	 907
2686 	 912
2687 	 917
2688 	 2147483647
2689 	 2147483647
2690 	 2147483647
2691 	 2147483647
2692 	 2147483647
2693 	 2147483647
2694 	 2147483647
2695 	 2147483647
2696 	 645
2697 	 655
2698 	 660
2699 	 665
2700 	 675
2701 	 680
2702 	 690
2703 	 695
2704 	 700
2705 	 705
2706 	 710
2707 	 720
2708 	 725
2709 	 730
2710 	 735
2711 	 740
2712 	 745
2713 	 755
2714 	 760
2715 	 765
2716 	 770
2717 	 775
2718 	 780
2719 	 785
2720 	 790
2721 	 795
2722 	 800
2723 	 820
2724 	 830
2725 	 835
2726 	 840
2727 	 845
2728 	 850
2729 	 855
2730 	 860
2731 	 870
2732 	 875
2733 	 880
2734 	 885
2735 	 890
2736 	 900
2737 	 910
2738 	 915
2739 	 925
2740 	 930
2741 	 935
2742 	 2147483647
2743 	 2147483647
2744 	 2147483647
2745 	 2147483647
2746 	 2147483647
2747 	 2147483647
2748 	 2147483647
2749 	 2147483647
2750 	 658
2751 	 668
2752 	 673
2753 	 678
2754 	 688
2755 	 693
2756 	 698
2757 	 703
2758 	 708
2759 	 713
2760 	 718
2761 	 723
2762 	 733
2763 	 738
2764 	 743
2765 	 748
2766 	 753
2767 	 758
2768 	 763
2769 	 768
2770 	 778
2771 	 783
2772 	 788
2773 	 793
2774 	 798
2775 	 803
2776 	 808
2777 	 813
2778 	 818
2779 	 823
2780 	 828
2781 	 833
2782 	 838
2783 	 843
2784 	 848
2785 	 868
2786 	 873
2787 	 883
2788 	 893
2789 	 898
2790 	 903
2791 	 908
2792 	 913
2793 	 918
2794 	 923
2795 	 928
2796 	 938
2797 	 943
2798 	 948
2799 	 2147483647
2800 	 2147483647
2801 	 2147483647
2802 	 2147483647
2803 	 2147483647
2804 	 2147483647
2805 	 2147483647
2806 	 2147483647
2807 	 671
2808 	 676
2809 	 681
2810 	 686
2811 	 691
2812 	 696
2813 	 701
2814 	 706
2815 	 711
2816 	 716
2817 	 721
2818 	 726
2819 	 736
2820 	 741
2821 	 746
2822 	 751
2823 	 756
2824 	 761
2825 	 766
2826 	 771
2827 	 781
2828 	 791
2829 	 796
2830 	 801
2831 	 806
2832 	 811
2833 	 821
2834 	 831
2835 	 836
2836 	 856
2837 	 861
2838 	 866
2839 	 871
2840 	 876
2841 	 881
2842 	 886
2843 	 891
2844 	 896
2845 	 906
2846 	 926
2847 	 931
2848 	 941
2849 	 946
2850 	 951
2851 	 956
2852 	 961
2853 	 2147483647
2854 	 2147483647
2855 	 2147483647
2856 	 2147483647
2857 	 2147483647
2858 	 2147483647
2859 	 2147483647
2860 	 2147483647
2861 	 2147483647
2862 	 2147483647
2863 	 2147483647
2864 	 684
2865 	 689
2866 	 694
2867 	 699
2868 	 704
2869 	 709
2870 	 714
2871 	 724
2872 	 734
2873 	 739
2874 	 749
2875 	 759
2876 	 764
2877 	 769
2878 	 774
2879 	 779
2880 	 784
2881 	 794
2882 	 799
2883 	 804
2884 	 809
2885 	 814
2886 	 819
2887 	 824
2888 	 834
2889 	 844
2890 	 849
2891 	 854
2892 	 859
2893 	 864
2894 	 869
2895 	 874
2896 	 879
2897 	 884
2898 	 889
2899 	 894
2900 	 899
2901 	 904
2902 	 909
2903 	 914
2904 	 919
2905 	 924
2906 	 929
2907 	 934
2908 	 939
2909 	 944
2910 	 954
2911 	 974
2912 	 2147483647
2913 	 2147483647
2914 	 2147483647
2915 	 2147483647
2916 	 2147483647
2917 	 2147483647
2918 	 2147483647
2919 	 2147483647
2920 	 2147483647
2921 	 2147483647
2922 	 2147483647
2923 	 697
2924 	 702
2925 	 722
2926 	 727
2927 	 737
2928 	 747
2929 	 752
2930 	 757
2931 	 762
2932 	 772
2933 	 777
2934 	 782
2935 	 787
2936 	 792
2937 	 797
2938 	 802
2939 	 807
2940 	 817
2941 	 822
2942 	 827
2943 	 832
2944 	 837
2945 	 842
2946 	 847
2947 	 852
2948 	 857
2949 	 862
2950 	 867
2951 	 872
2952 	 877
2953 	 882
2954 	 887
2955 	 892
2956 	 897
2957 	 902
2958 	 907
2959 	 912
2960 	 917
2961 	 922
2962 	 932
2963 	 937
2964 	 942
2965 	 947
2966 	 952
2967 	 957
2968 	 962
2969 	 967
2970 	 972
2971 	 977
2972 	 982
2973 	 987
2974 	 2147483647
2975 	 2147483647
2976 	 2147483647
2977 	 2147483647
2978 	 2147483647
2979 	 2147483647
2980 	 2147483647
2981 	 2147483647
2982 	 715
2983 	 720
2984 	 725
2985 	 730
2986 	 735
2987 	 740
2988 	 745
2989 	 750
2990 	 755
2991 	 760
2992 	 765
2993 	 770
2994 	 775
2995 	 780
2996 	 785
2997 	 795
2998 	 800
2999 	 805
3000 	 810
3001 	 815
3002 	 820
3003 	 830
3004 	 835
3005 	 845
3006 	 850
3007 	 855
3008 	 860
3009 	 865
3010 	 870
3011 	 875
3012 	 880
3013 	 885
3014 	 890
3015 	 895
3016 	 900
3017 	 905
3018 	 910
3019 	 930
3020 	 935
3021 	 945
3022 	 950
3023 	 955
3024 	 960
3025 	 965
3026 	 970
3027 	 975
3028 	 980
3029 	 985
3030 	 995
3031 	 1000
3032 	 2147483647
3033 	 2147483647
3034 	 2147483647
3035 	 2147483647
3036 	 2147483647
3037 	 2147483647
3038 	 2147483647
3039 	 2147483647
3040 	 2147483647
3041 	 728
3042 	 733
3043 	 738
3044 	 743
3045 	 748
3046 	 758
3047 	 763
3048 	 768
3049 	 773
3050 	 778
3051 	 783
3052 	 788
3053 	 793
3054 	 798
3055 	 808
3056 	 828
3057 	 833
3058 	 838
3059 	 843
3060 	 848
3061 	 858
3062 	 863
3063 	 868
3064 	 873
3065 	 878
3066 	 888
3067 	 898
3068 	 908
3069 	 918
3070 	 923
3071 	 928
3072 	 933
3073 	 938
3074 	 943
3075 	 948
3076 	 953
3077 	 958
3078 	 968
3079 	 973
3080 	 993
3081 	 998
3082 	 1008
3083 	 1013
3084 	 2147483647
3085 	 2147483647
3086 	 2147483647
3087 	 2147483647
3088 	 2147483647
3089 	 2147483647
3090 	 2147483647
3091 	 2147483647
3092 	 2147483647
3093 	 2147483647
3094 	 2147483647
3095 	 2147483647
3096 	 2147483647
3097 	 741
3098 	 746
3099 	 751
3100 	 756
3101 	 761
3102 	 771
3103 	 776
3104 	 781
3105 	 786
3106 	 791
3107 	 796
3108 	 801
3109 	 811
3110 	 816
3111 	 821
3112 	 826
3113 	 831
3114 	 836
3115 	 841
3116 	 846
3117 	 851
3118 	 856
3119 	 861
3120 	 866
3121 	 871
3122 	 876
3123 	 881
3124 	 886
3125 	 891
3126 	 901
3127 	 911
3128 	 921
3129 	 931
3130 	 936
3131 	 941
3132 	 946
3133 	 951
3134 	 956
3135 	 966
3136 	 971
3137 	 981
3138 	 986
3139 	 991
3140 	 996
3141 	 1001
3142 	 1006
3143 	 1011
3144 	 1016
3145 	 1021
3146 	 2147483647
3147 	 2147483647
3148 	 2147483647
3149 	 2147483647
3150 	 2147483647
3151 	 2147483647
3152 	 2147483647
3153 	 2147483647
3154 	 2147483647
3155 	 2147483647
3156 	 2147483647
3157 	 754
3158 	 759
3159 	 764
3160 	 769
3161 	 774
3162 	 779
3163 	 784
3164 	 804
3165 	 809
3166 	 814
3167 	 824
3168 	 844
3169 	 849
3170 	 859
3171 	 864
3172 	 869
3173 	 874
3174 	 879
3175 	 884
3176 	 889
3177 	 894
3178 	 904
3179 	 909
3180 	 914
3181 	 919
3182 	 924
3183 	 929
3184 	 934
3185 	 939
3186 	 944
3187 	 949
3188 	 954
3189 	 959
3190 	 964
3191 	 969
3192 	 979
3193 	 984
3194 	 989
3195 	 994
3196 	 999
3197 	 1004
3198 	 1009
3199 	 1014
3200 	 1024
3201 	 1034
3202 	 2147483647
3203 	 2147483647
3204 	 2147483647
3205 	 2147483647
3206 	 2147483647
3207 	 2147483647
3208 	 2147483647
3209 	 2147483647
3210 	 2147483647
3211 	 2147483647
3212 	 767
3213 	 772
3214 	 777
3215 	 782
3216 	 787
3217 	 792
3218 	 797
3219 	 802
3220 	 807
3221 	 812
3222 	 817
3223 	 822
3224 	 827
3225 	 832
3226 	 837
3227 	 842
3228 	 847
3229 	 852
3230 	 857
3231 	 862
3232 	 872
3233 	 882
3234 	 887
3235 	 892
3236 	 897
3237 	 902
3238 	 907
3239 	 917
3240 	 922
3241 	 927
3242 	 932
3243 	 937
3244 	 942
3245 	 947
3246 	 952
3247 	 962
3248 	 967
3249 	 972
3250 	 977
3251 	 982
3252 	 987
3253 	 992
3254 	 997
3255 	 1002
3256 	 1007
3257 	 1012
3258 	 1017
3259 	 1027
3260 	 1037
3261 	 1047
3262 	 1052
3263 	 2147483647
3264 	 2147483647
3265 	 2147483647
3266 	 2147483647
3267 	 2147483647
3268 	 2147483647
3269 	 2147483647
3270 	 2147483647
3271 	 2147483647
3272 	 2147483647
3273 	 2147483647
3274 	 2147483647
3275 	 780
3276 	 785
3277 	 790
3278 	 795
3279 	 800
3280 	 805
3281 	 825
3282 	 830
3283 	 835
3284 	 840
3285 	 845
3286 	 850
3287 	 860
3288 	 870
3289 	 875
3290 	 880
3291 	 885
3292 	 895
3293 	 900
3294 	 905
3295 	 910
3296 	 915
3297 	 920
3298 	 925
3299 	 930
3300 	 935
3301 	 940
3302 	 945
3303 	 950
3304 	 960
3305 	 965
3306 	 975
3307 	 980
3308 	 985
3309 	 990
3310 	 995
3311 	 1000
3312 	 1005
3313 	 1025
3314 	 1030
3315 	 1040
3316 	 1045
3317 	 1050
3318 	 1055
3319 	 1060
3320 	 2147483647
3321 	 2147483647
3322 	 2147483647
3323 	 2147483647
3324 	 2147483647
3325 	 2147483647
3326 	 2147483647
3327 	 2147483647
3328 	 793
3329 	 798
3330 	 808
3331 	 818
3332 	 823
3333 	 828
3334 	 833
3335 	 838
3336 	 843
3337 	 853
3338 	 863
3339 	 873
3340 	 883
3341 	 888
3342 	 893
3343 	 898
3344 	 903
3345 	 908
3346 	 913
3347 	 933
3348 	 938
3349 	 943
3350 	 948
3351 	 958
3352 	 963
3353 	 973
3354 	 978
3355 	 983
3356 	 988
3357 	 993
3358 	 998
3359 	 1003
3360 	 1008
3361 	 1013
3362 	 1018
3363 	 1023
3364 	 1028
3365 	 1033
3366 	 1038
3367 	 1043
3368 	 1048
3369 	 1053
3370 	 1058
3371 	 1068
