
Tempo total de execução: 411.000000 milissegundo(s).

1 	 0
2 	 3
3 	 4
4 	 4
5 	 3
6 	 4
7 	 3
8 	 4
9 	 4
10 	 4
11 	 4
12 	 3
13 	 3
14 	 4
15 	 4
16 	 3
17 	 4
18 	 3
19 	 5
20 	 3
21 	 4
22 	 4
23 	 3
24 	 3
25 	 4
26 	 4
27 	 4
28 	 4
29 	 3
30 	 4
31 	 4
32 	 5
33 	 5
34 	 4
35 	 5
36 	 3
37 	 2
38 	 5
39 	 4
40 	 3
41 	 4
42 	 2
43 	 4
44 	 3
45 	 4
46 	 5
47 	 4
48 	 4
49 	 4
50 	 4
51 	 1
52 	 4
53 	 4
54 	 5
55 	 4
56 	 4
57 	 2
58 	 5
59 	 5
60 	 4
61 	 4
62 	 4
63 	 4
64 	 5
65 	 4
66 	 4
67 	 4
68 	 3
69 	 5
70 	 4
71 	 3
72 	 3
73 	 5
74 	 5
75 	 5
76 	 4
77 	 4
78 	 4
79 	 5
80 	 3
81 	 4
82 	 4
83 	 5
84 	 4
85 	 4
86 	 4
87 	 4
88 	 4
89 	 4
90 	 3
91 	 4
92 	 3
93 	 2
94 	 4
95 	 4
96 	 4
97 	 4
98 	 4
99 	 4
100 	 4
101 	 2
102 	 3
103 	 2
104 	 4
105 	 3
106 	 5
107 	 3
108 	 5
109 	 4
110 	 3
111 	 3
112 	 4
113 	 4
114 	 4
115 	 4
116 	 2
117 	 4
118 	 4
119 	 4
120 	 4
121 	 4
122 	 4
123 	 4
124 	 4
125 	 4
126 	 5
127 	 4
128 	 4
129 	 3
130 	 5
131 	 5
132 	 3
133 	 2
134 	 4
135 	 4
136 	 3
137 	 5
138 	 4
139 	 5
140 	 4
141 	 4
142 	 3
143 	 3
144 	 4
145 	 5
146 	 3
147 	 4
148 	 4
149 	 5
150 	 2
151 	 3
152 	 4
153 	 4
154 	 4
155 	 4
156 	 4
157 	 4
158 	 3
159 	 3
160 	 2
161 	 4
162 	 5
163 	 5
164 	 4
165 	 4
166 	 5
167 	 4
168 	 4
169 	 4
170 	 4
171 	 4
172 	 4
173 	 4
174 	 5
175 	 5
176 	 5
177 	 3
178 	 2
179 	 4
180 	 3
181 	 3
182 	 4
183 	 5
184 	 3
185 	 4
186 	 4
187 	 4
188 	 4
189 	 4
190 	 5
191 	 4
192 	 4
193 	 4
194 	 5
195 	 3
196 	 5
197 	 4
198 	 4
199 	 3
200 	 4
201 	 5
202 	 4
203 	 3
204 	 4
205 	 5
206 	 3
207 	 5
208 	 4
209 	 5
210 	 4
211 	 4
212 	 3
213 	 4
214 	 4
215 	 4
216 	 3
217 	 5
218 	 4
219 	 4
220 	 4
221 	 4
222 	 5
223 	 4
224 	 4
225 	 4
226 	 4
227 	 4
228 	 4
229 	 4
230 	 4
231 	 4
232 	 4
233 	 5
234 	 4
235 	 4
236 	 2
237 	 4
238 	 3
239 	 5
240 	 4
241 	 5
242 	 5
243 	 4
244 	 4
245 	 4
246 	 4
247 	 4
248 	 4
249 	 4
250 	 3
251 	 3
252 	 4
253 	 3
254 	 4
255 	 1
256 	 4
257 	 4
258 	 3
259 	 4
260 	 4
261 	 5
262 	 4
263 	 4
264 	 3
265 	 4
266 	 4
267 	 4
268 	 4
269 	 5
270 	 4
271 	 4
272 	 3
273 	 5
274 	 3
275 	 3
276 	 3
277 	 4
278 	 4
279 	 4
280 	 3
281 	 5
282 	 5
283 	 4
284 	 4
285 	 4
286 	 3
287 	 4
288 	 4
289 	 4
290 	 3
291 	 3
292 	 4
293 	 4
294 	 4
295 	 4
296 	 4
297 	 4
298 	 4
299 	 4
300 	 3
301 	 4
302 	 4
303 	 4
304 	 4
305 	 4
306 	 4
307 	 5
308 	 4
309 	 5
310 	 3
311 	 3
312 	 5
313 	 3
314 	 4
315 	 4
316 	 5
317 	 4
318 	 2
319 	 4
320 	 4
321 	 5
322 	 4
323 	 4
324 	 3
325 	 3
326 	 5
327 	 4
328 	 4
329 	 3
330 	 3
331 	 3
332 	 5
333 	 4
334 	 4
335 	 3
336 	 4
337 	 3
338 	 4
339 	 5
340 	 4
341 	 5
342 	 4
343 	 4
344 	 3
345 	 4
346 	 4
347 	 4
348 	 3
349 	 4
350 	 3
351 	 4
352 	 2
353 	 4
354 	 3
355 	 4
356 	 4
357 	 3
358 	 2
359 	 4
360 	 3
361 	 4
362 	 4
363 	 4
364 	 5
365 	 3
366 	 4
367 	 5
368 	 4
369 	 4
370 	 4
371 	 4
372 	 5
373 	 4
374 	 4
375 	 4
376 	 4
377 	 5
378 	 5
379 	 4
380 	 5
381 	 4
382 	 4
383 	 5
384 	 5
385 	 4
386 	 5
387 	 5
388 	 3
389 	 4
390 	 4
391 	 5
392 	 4
393 	 3
394 	 4
395 	 5
396 	 4
397 	 5
398 	 3
399 	 4
400 	 5
401 	 4
402 	 4
403 	 4
404 	 3
405 	 5
406 	 4
407 	 3
408 	 3
409 	 4
410 	 3
411 	 4
412 	 3
413 	 5
414 	 4
415 	 4
416 	 4
417 	 4
418 	 3
419 	 3
420 	 4
421 	 4
422 	 4
423 	 4
424 	 4
425 	 2
426 	 3
427 	 4
428 	 4
429 	 3
430 	 2
431 	 4
432 	 4
433 	 4
434 	 5
435 	 4
436 	 4
437 	 3
438 	 3
439 	 4
440 	 4
441 	 3
442 	 4
443 	 5
444 	 4
445 	 4
446 	 3
447 	 4
448 	 5
449 	 4
450 	 5
451 	 3
452 	 3
453 	 5
454 	 5
455 	 5
456 	 4
457 	 4
458 	 4
459 	 4
460 	 3
461 	 4
462 	 4
463 	 4
464 	 4
465 	 5
466 	 5
467 	 4
468 	 3
469 	 4
470 	 4
471 	 3
472 	 4
473 	 5
474 	 4
475 	 4
476 	 4
477 	 5
478 	 5
479 	 4
480 	 4
481 	 3
482 	 4
483 	 4
484 	 4
485 	 3
486 	 4
487 	 4
488 	 4
489 	 4
490 	 4
491 	 3
492 	 4
493 	 4
494 	 4
495 	 4
496 	 2
497 	 5
498 	 3
499 	 6
500 	 4
501 	 5
502 	 4
503 	 3
504 	 4
505 	 5
506 	 3
507 	 4
508 	 5
509 	 5
510 	 2
511 	 4
512 	 5
513 	 4
514 	 5
515 	 4
516 	 3
517 	 4
518 	 4
519 	 5
520 	 4
521 	 5
522 	 4
523 	 5
524 	 4
525 	 3
526 	 4
527 	 4
528 	 3
529 	 3
530 	 5
531 	 4
532 	 4
533 	 4
534 	 5
535 	 4
536 	 4
537 	 4
538 	 5
539 	 5
540 	 5
541 	 4
542 	 4
543 	 3
544 	 5
545 	 4
546 	 5
547 	 5
548 	 4
549 	 5
550 	 5
551 	 4
552 	 4
553 	 4
554 	 4
555 	 4
556 	 3
557 	 4
558 	 4
559 	 4
560 	 5
561 	 4
562 	 5
563 	 4
564 	 4
565 	 4
566 	 4
567 	 2
568 	 5
569 	 3
570 	 3
571 	 4
572 	 3
573 	 1
574 	 2
575 	 4
576 	 4
577 	 3
578 	 4
579 	 3
580 	 4
581 	 4
582 	 4
583 	 4
584 	 4
585 	 4
586 	 5
587 	 4
588 	 4
589 	 4
590 	 4
591 	 3
592 	 4
593 	 4
594 	 3
595 	 2
596 	 4
597 	 5
598 	 3
599 	 4
600 	 3
