
Tempo total de execução: 14.000000 milissegundo(s).

0 	 2147483647
1 	 0
2 	 2147483647
3 	 2147483647
4 	 2147483647
5 	 2147483647
6 	 2147483647
7 	 2147483647
8 	 2147483647
9 	 2147483647
10 	 2147483647
11 	 2147483647
12 	 2147483647
13 	 2147483647
14 	 2147483647
15 	 2147483647
16 	 2147483647
17 	 2147483647
18 	 2147483647
19 	 2147483647
20 	 2147483647
21 	 2147483647
22 	 2147483647
23 	 2147483647
24 	 2147483647
25 	 2147483647
26 	 2147483647
27 	 2147483647
28 	 2147483647
29 	 2147483647
30 	 2147483647
31 	 2147483647
32 	 2147483647
33 	 2147483647
34 	 2147483647
35 	 2147483647
36 	 2147483647
37 	 2147483647
38 	 2147483647
39 	 2147483647
40 	 2147483647
41 	 2147483647
42 	 2147483647
43 	 2147483647
44 	 2147483647
45 	 2147483647
46 	 2147483647
47 	 2147483647
48 	 2147483647
49 	 2147483647
50 	 2147483647
51 	 2147483647
52 	 2147483647
53 	 2147483647
54 	 2147483647
55 	 2147483647
56 	 2147483647
57 	 2147483647
58 	 2147483647
59 	 2147483647
60 	 2147483647
61 	 2147483647
62 	 2147483647
63 	 2147483647
64 	 2147483647
65 	 2147483647
66 	 2147483647
67 	 2147483647
68 	 2147483647
69 	 2147483647
70 	 2147483647
71 	 2147483647
72 	 2147483647
73 	 2147483647
74 	 2147483647
75 	 2147483647
76 	 2147483647
77 	 2147483647
78 	 2147483647
79 	 2147483647
80 	 2147483647
81 	 2147483647
82 	 2147483647
83 	 2147483647
84 	 2147483647
85 	 2147483647
86 	 2147483647
87 	 2147483647
88 	 2147483647
89 	 2147483647
90 	 2147483647
91 	 2147483647
92 	 2147483647
93 	 2147483647
94 	 2147483647
95 	 2147483647
96 	 2147483647
97 	 2147483647
98 	 2147483647
99 	 2147483647
100 	 2147483647
101 	 2147483647
102 	 2147483647
103 	 2147483647
104 	 2147483647
105 	 2147483647
106 	 2147483647
107 	 2147483647
108 	 2147483647
109 	 2147483647
110 	 2147483647
111 	 2147483647
112 	 2147483647
113 	 2147483647
114 	 2147483647
115 	 2147483647
116 	 2147483647
117 	 2147483647
118 	 2147483647
119 	 2147483647
120 	 13
121 	 18
122 	 23
123 	 2147483647
124 	 2147483647
125 	 2147483647
126 	 2147483647
127 	 2147483647
128 	 2147483647
129 	 2147483647
130 	 2147483647
131 	 2147483647
132 	 2147483647
133 	 2147483647
134 	 2147483647
135 	 2147483647
136 	 2147483647
137 	 2147483647
138 	 2147483647
139 	 2147483647
140 	 2147483647
141 	 2147483647
142 	 2147483647
143 	 2147483647
144 	 2147483647
145 	 2147483647
146 	 2147483647
147 	 2147483647
148 	 2147483647
149 	 2147483647
150 	 2147483647
151 	 2147483647
152 	 2147483647
153 	 2147483647
154 	 2147483647
155 	 2147483647
156 	 2147483647
157 	 2147483647
158 	 2147483647
159 	 2147483647
160 	 2147483647
161 	 2147483647
162 	 2147483647
163 	 2147483647
164 	 2147483647
165 	 2147483647
166 	 2147483647
167 	 2147483647
168 	 2147483647
169 	 2147483647
170 	 2147483647
171 	 2147483647
172 	 2147483647
173 	 2147483647
174 	 2147483647
175 	 2147483647
176 	 2147483647
177 	 2147483647
178 	 2147483647
179 	 2147483647
180 	 2147483647
181 	 2147483647
182 	 2147483647
183 	 2147483647
184 	 2147483647
185 	 2147483647
186 	 2147483647
187 	 2147483647
188 	 2147483647
189 	 2147483647
190 	 2147483647
191 	 2147483647
192 	 2147483647
193 	 2147483647
194 	 2147483647
195 	 2147483647
196 	 2147483647
197 	 2147483647
198 	 2147483647
199 	 2147483647
200 	 2147483647
201 	 2147483647
202 	 2147483647
203 	 2147483647
204 	 2147483647
205 	 2147483647
206 	 2147483647
207 	 2147483647
208 	 2147483647
209 	 2147483647
210 	 2147483647
211 	 2147483647
212 	 2147483647
213 	 2147483647
214 	 2147483647
215 	 2147483647
216 	 2147483647
217 	 2147483647
218 	 2147483647
219 	 2147483647
220 	 2147483647
221 	 2147483647
222 	 2147483647
223 	 2147483647
224 	 2147483647
225 	 2147483647
226 	 2147483647
227 	 2147483647
228 	 2147483647
229 	 2147483647
230 	 2147483647
231 	 2147483647
232 	 2147483647
233 	 2147483647
234 	 2147483647
235 	 2147483647
236 	 2147483647
237 	 2147483647
238 	 2147483647
239 	 2147483647
240 	 2147483647
241 	 2147483647
242 	 2147483647
243 	 2147483647
244 	 26
245 	 31
246 	 36
247 	 41
248 	 46
249 	 51
250 	 56
251 	 61
252 	 66
253 	 71
254 	 76
255 	 81
256 	 86
257 	 91
258 	 96
259 	 101
260 	 106
261 	 2147483647
262 	 2147483647
263 	 2147483647
264 	 2147483647
265 	 2147483647
266 	 2147483647
267 	 2147483647
268 	 2147483647
269 	 2147483647
270 	 2147483647
271 	 2147483647
272 	 2147483647
273 	 2147483647
274 	 2147483647
275 	 2147483647
276 	 2147483647
277 	 2147483647
278 	 2147483647
279 	 2147483647
280 	 2147483647
281 	 2147483647
282 	 2147483647
283 	 2147483647
284 	 2147483647
285 	 2147483647
286 	 2147483647
287 	 2147483647
288 	 2147483647
289 	 2147483647
290 	 2147483647
291 	 2147483647
292 	 2147483647
293 	 2147483647
294 	 2147483647
295 	 2147483647
296 	 2147483647
297 	 2147483647
298 	 2147483647
299 	 2147483647
300 	 2147483647
301 	 2147483647
302 	 2147483647
303 	 2147483647
304 	 2147483647
305 	 2147483647
306 	 2147483647
307 	 2147483647
308 	 2147483647
309 	 2147483647
310 	 2147483647
311 	 2147483647
312 	 2147483647
313 	 2147483647
314 	 2147483647
315 	 2147483647
316 	 2147483647
317 	 2147483647
318 	 2147483647
319 	 2147483647
320 	 2147483647
321 	 2147483647
322 	 2147483647
323 	 2147483647
324 	 2147483647
325 	 2147483647
326 	 2147483647
327 	 2147483647
328 	 2147483647
329 	 2147483647
330 	 2147483647
331 	 2147483647
332 	 2147483647
333 	 2147483647
334 	 2147483647
335 	 2147483647
336 	 2147483647
337 	 2147483647
338 	 2147483647
339 	 2147483647
340 	 2147483647
341 	 2147483647
342 	 2147483647
343 	 2147483647
344 	 2147483647
345 	 2147483647
346 	 2147483647
347 	 2147483647
348 	 2147483647
349 	 2147483647
350 	 2147483647
351 	 2147483647
352 	 2147483647
353 	 2147483647
354 	 2147483647
355 	 2147483647
356 	 2147483647
357 	 2147483647
358 	 2147483647
359 	 2147483647
360 	 2147483647
361 	 2147483647
362 	 2147483647
363 	 2147483647
364 	 2147483647
365 	 2147483647
366 	 2147483647
367 	 2147483647
368 	 2147483647
369 	 39
370 	 44
371 	 49
372 	 54
373 	 59
374 	 64
375 	 69
376 	 74
377 	 79
378 	 84
379 	 89
380 	 94
381 	 99
382 	 104
383 	 109
384 	 114
385 	 119
386 	 2147483647
387 	 2147483647
388 	 2147483647
389 	 2147483647
390 	 2147483647
391 	 2147483647
392 	 2147483647
393 	 2147483647
394 	 2147483647
395 	 2147483647
396 	 2147483647
397 	 2147483647
398 	 2147483647
399 	 2147483647
400 	 2147483647
401 	 2147483647
402 	 2147483647
403 	 2147483647
404 	 2147483647
405 	 2147483647
406 	 2147483647
407 	 2147483647
408 	 2147483647
409 	 2147483647
410 	 2147483647
411 	 2147483647
412 	 2147483647
413 	 2147483647
414 	 2147483647
415 	 2147483647
416 	 2147483647
417 	 2147483647
418 	 2147483647
419 	 2147483647
420 	 2147483647
421 	 2147483647
422 	 2147483647
423 	 2147483647
424 	 2147483647
425 	 2147483647
426 	 2147483647
427 	 2147483647
428 	 2147483647
429 	 2147483647
430 	 2147483647
431 	 2147483647
432 	 2147483647
433 	 2147483647
434 	 2147483647
435 	 2147483647
436 	 2147483647
437 	 2147483647
438 	 2147483647
439 	 2147483647
440 	 2147483647
441 	 2147483647
442 	 2147483647
443 	 2147483647
444 	 2147483647
445 	 2147483647
446 	 2147483647
447 	 2147483647
448 	 2147483647
449 	 2147483647
450 	 2147483647
451 	 2147483647
452 	 2147483647
453 	 2147483647
454 	 2147483647
455 	 2147483647
456 	 2147483647
457 	 2147483647
458 	 2147483647
459 	 2147483647
460 	 2147483647
461 	 2147483647
462 	 2147483647
463 	 2147483647
464 	 2147483647
465 	 2147483647
466 	 2147483647
467 	 2147483647
468 	 2147483647
469 	 2147483647
470 	 2147483647
471 	 2147483647
472 	 2147483647
473 	 2147483647
474 	 2147483647
475 	 2147483647
476 	 2147483647
477 	 2147483647
478 	 2147483647
479 	 2147483647
480 	 2147483647
481 	 2147483647
482 	 2147483647
483 	 2147483647
484 	 2147483647
485 	 2147483647
486 	 2147483647
487 	 2147483647
488 	 2147483647
489 	 2147483647
490 	 2147483647
491 	 2147483647
492 	 2147483647
493 	 2147483647
494 	 2147483647
495 	 2147483647
496 	 2147483647
497 	 2147483647
498 	 52
499 	 57
500 	 62
501 	 67
502 	 72
503 	 77
504 	 82
505 	 87
506 	 92
507 	 97
508 	 102
509 	 107
510 	 112
511 	 117
512 	 122
513 	 127
514 	 132
515 	 137
516 	 142
517 	 147
518 	 152
519 	 157
520 	 162
521 	 167
522 	 172
523 	 177
524 	 2147483647
525 	 2147483647
526 	 2147483647
527 	 2147483647
528 	 2147483647
529 	 2147483647
530 	 2147483647
531 	 2147483647
532 	 2147483647
533 	 2147483647
534 	 2147483647
535 	 2147483647
536 	 2147483647
537 	 2147483647
538 	 2147483647
539 	 2147483647
540 	 2147483647
541 	 2147483647
542 	 2147483647
543 	 2147483647
544 	 2147483647
545 	 2147483647
546 	 2147483647
547 	 2147483647
548 	 2147483647
549 	 2147483647
550 	 2147483647
551 	 2147483647
552 	 2147483647
553 	 2147483647
554 	 2147483647
555 	 2147483647
556 	 2147483647
557 	 2147483647
558 	 2147483647
559 	 2147483647
560 	 2147483647
561 	 2147483647
562 	 2147483647
563 	 2147483647
564 	 2147483647
565 	 2147483647
566 	 2147483647
567 	 2147483647
568 	 2147483647
569 	 2147483647
570 	 2147483647
571 	 2147483647
572 	 2147483647
573 	 2147483647
574 	 2147483647
575 	 2147483647
576 	 2147483647
577 	 2147483647
578 	 2147483647
579 	 2147483647
580 	 2147483647
581 	 2147483647
582 	 2147483647
583 	 2147483647
584 	 2147483647
585 	 2147483647
586 	 2147483647
587 	 2147483647
588 	 2147483647
589 	 2147483647
590 	 2147483647
591 	 2147483647
592 	 2147483647
593 	 2147483647
594 	 2147483647
595 	 2147483647
596 	 2147483647
597 	 2147483647
598 	 2147483647
599 	 2147483647
600 	 2147483647
601 	 2147483647
602 	 2147483647
603 	 2147483647
604 	 2147483647
605 	 2147483647
606 	 2147483647
607 	 2147483647
608 	 2147483647
609 	 2147483647
610 	 2147483647
611 	 2147483647
612 	 2147483647
613 	 2147483647
614 	 2147483647
615 	 2147483647
616 	 2147483647
617 	 2147483647
618 	 2147483647
619 	 2147483647
620 	 2147483647
621 	 2147483647
622 	 2147483647
623 	 2147483647
624 	 2147483647
625 	 2147483647
626 	 2147483647
627 	 2147483647
628 	 2147483647
629 	 2147483647
630 	 2147483647
631 	 2147483647
632 	 2147483647
633 	 2147483647
634 	 2147483647
635 	 2147483647
636 	 70
637 	 80
638 	 85
639 	 90
640 	 95
641 	 100
642 	 105
643 	 110
644 	 115
645 	 120
646 	 125
647 	 130
648 	 135
649 	 140
650 	 145
651 	 150
652 	 155
653 	 160
654 	 165
655 	 170
656 	 175
657 	 180
658 	 185
659 	 190
660 	 2147483647
661 	 2147483647
662 	 2147483647
663 	 2147483647
664 	 2147483647
665 	 2147483647
666 	 2147483647
667 	 2147483647
668 	 2147483647
669 	 2147483647
670 	 2147483647
671 	 2147483647
672 	 2147483647
673 	 2147483647
674 	 2147483647
675 	 2147483647
676 	 2147483647
677 	 2147483647
678 	 2147483647
679 	 2147483647
680 	 2147483647
681 	 2147483647
682 	 2147483647
683 	 2147483647
684 	 2147483647
685 	 2147483647
686 	 2147483647
687 	 2147483647
688 	 2147483647
689 	 2147483647
690 	 2147483647
691 	 2147483647
692 	 2147483647
693 	 2147483647
694 	 2147483647
695 	 2147483647
696 	 2147483647
697 	 2147483647
698 	 2147483647
699 	 2147483647
700 	 2147483647
701 	 2147483647
702 	 2147483647
703 	 2147483647
704 	 2147483647
705 	 2147483647
706 	 2147483647
707 	 2147483647
708 	 2147483647
709 	 2147483647
710 	 2147483647
711 	 2147483647
712 	 2147483647
713 	 2147483647
714 	 2147483647
715 	 2147483647
716 	 2147483647
717 	 2147483647
718 	 2147483647
719 	 2147483647
720 	 2147483647
721 	 2147483647
722 	 2147483647
723 	 2147483647
724 	 2147483647
725 	 2147483647
726 	 2147483647
727 	 2147483647
728 	 2147483647
729 	 2147483647
730 	 2147483647
731 	 2147483647
732 	 2147483647
733 	 2147483647
734 	 2147483647
735 	 2147483647
736 	 2147483647
737 	 2147483647
738 	 2147483647
739 	 2147483647
740 	 2147483647
741 	 2147483647
742 	 2147483647
743 	 2147483647
744 	 2147483647
745 	 2147483647
746 	 2147483647
747 	 2147483647
748 	 2147483647
749 	 2147483647
750 	 2147483647
751 	 2147483647
752 	 2147483647
753 	 2147483647
754 	 2147483647
755 	 2147483647
756 	 2147483647
757 	 2147483647
758 	 2147483647
759 	 2147483647
760 	 2147483647
761 	 2147483647
762 	 2147483647
763 	 2147483647
764 	 83
765 	 93
766 	 98
767 	 103
768 	 108
769 	 113
770 	 118
771 	 123
772 	 128
773 	 133
774 	 138
775 	 143
776 	 148
777 	 153
778 	 158
779 	 163
780 	 168
781 	 173
782 	 178
783 	 183
784 	 188
785 	 193
786 	 198
787 	 203
788 	 208
789 	 213
790 	 218
791 	 223
792 	 2147483647
793 	 2147483647
794 	 2147483647
795 	 2147483647
796 	 2147483647
797 	 2147483647
798 	 2147483647
799 	 2147483647
800 	 2147483647
801 	 2147483647
802 	 2147483647
803 	 2147483647
804 	 2147483647
805 	 2147483647
806 	 2147483647
807 	 2147483647
808 	 2147483647
809 	 2147483647
810 	 2147483647
811 	 2147483647
812 	 2147483647
813 	 2147483647
814 	 2147483647
815 	 2147483647
816 	 2147483647
817 	 2147483647
818 	 2147483647
819 	 2147483647
820 	 2147483647
821 	 2147483647
822 	 2147483647
823 	 2147483647
824 	 2147483647
825 	 2147483647
826 	 2147483647
827 	 2147483647
828 	 2147483647
829 	 2147483647
830 	 2147483647
831 	 2147483647
832 	 2147483647
833 	 2147483647
834 	 2147483647
835 	 2147483647
836 	 2147483647
837 	 2147483647
838 	 2147483647
839 	 2147483647
840 	 2147483647
841 	 2147483647
842 	 2147483647
843 	 2147483647
844 	 2147483647
845 	 2147483647
846 	 2147483647
847 	 2147483647
848 	 2147483647
849 	 2147483647
850 	 2147483647
851 	 2147483647
852 	 2147483647
853 	 2147483647
854 	 2147483647
855 	 2147483647
856 	 2147483647
857 	 2147483647
858 	 2147483647
859 	 2147483647
860 	 2147483647
861 	 2147483647
862 	 2147483647
863 	 2147483647
864 	 2147483647
865 	 2147483647
866 	 2147483647
867 	 2147483647
868 	 2147483647
869 	 2147483647
870 	 2147483647
871 	 2147483647
872 	 2147483647
873 	 2147483647
874 	 2147483647
875 	 2147483647
876 	 2147483647
877 	 2147483647
878 	 2147483647
879 	 2147483647
880 	 2147483647
881 	 2147483647
882 	 2147483647
883 	 2147483647
884 	 2147483647
885 	 2147483647
886 	 2147483647
887 	 2147483647
888 	 2147483647
889 	 2147483647
890 	 2147483647
891 	 2147483647
892 	 2147483647
893 	 2147483647
894 	 2147483647
895 	 2147483647
896 	 2147483647
897 	 2147483647
898 	 96
899 	 101
900 	 106
901 	 111
902 	 116
903 	 121
904 	 126
905 	 131
906 	 136
907 	 141
908 	 146
909 	 151
910 	 156
911 	 161
912 	 166
913 	 171
914 	 176
915 	 181
916 	 186
917 	 191
918 	 196
919 	 201
920 	 206
921 	 211
922 	 216
923 	 221
924 	 226
925 	 231
926 	 236
927 	 241
928 	 246
929 	 251
930 	 256
931 	 261
932 	 266
933 	 271
934 	 276
935 	 281
936 	 286
937 	 291
938 	 296
939 	 301
940 	 306
941 	 311
942 	 316
943 	 321
944 	 326
945 	 331
946 	 336
947 	 341
948 	 346
949 	 351
950 	 356
951 	 361
952 	 366
953 	 371
954 	 376
955 	 381
956 	 386
957 	 391
958 	 396
959 	 401
960 	 406
961 	 411
962 	 416
963 	 421
964 	 426
965 	 431
966 	 436
967 	 441
968 	 446
969 	 451
970 	 456
971 	 461
972 	 466
973 	 471
974 	 476
975 	 481
976 	 486
977 	 491
978 	 496
979 	 501
980 	 506
981 	 511
982 	 516
983 	 521
984 	 526
985 	 531
986 	 536
987 	 541
988 	 546
989 	 551
990 	 556
991 	 561
992 	 566
993 	 571
994 	 576
995 	 581
996 	 586
997 	 591
998 	 596
999 	 601
1000 	 606
1001 	 611
1002 	 616
1003 	 621
1004 	 626
1005 	 631
1006 	 636
1007 	 641
1008 	 646
1009 	 651
1010 	 656
1011 	 661
1012 	 666
1013 	 671
1014 	 676
1015 	 681
1016 	 686
1017 	 691
1018 	 696
1019 	 701
1020 	 706
1021 	 711
1022 	 716
1023 	 721
1024 	 726
1025 	 731
1026 	 736
1027 	 741
1028 	 746
1029 	 751
1030 	 2147483647
1031 	 2147483647
1032 	 2147483647
1033 	 2147483647
1034 	 2147483647
1035 	 2147483647
1036 	 2147483647
1037 	 2147483647
1038 	 2147483647
1039 	 2147483647
1040 	 2147483647
1041 	 109
1042 	 114
1043 	 119
1044 	 124
1045 	 129
1046 	 134
1047 	 139
1048 	 144
1049 	 149
1050 	 154
1051 	 159
1052 	 169
1053 	 174
1054 	 179
1055 	 184
1056 	 189
1057 	 194
1058 	 199
1059 	 204
1060 	 209
1061 	 214
1062 	 219
1063 	 224
1064 	 229
1065 	 234
1066 	 239
1067 	 244
1068 	 249
1069 	 254
1070 	 259
1071 	 264
1072 	 269
1073 	 274
1074 	 279
1075 	 284
1076 	 289
1077 	 294
1078 	 299
1079 	 304
1080 	 309
1081 	 314
1082 	 319
1083 	 324
1084 	 329
1085 	 334
1086 	 339
1087 	 344
1088 	 349
1089 	 354
1090 	 359
1091 	 364
1092 	 369
1093 	 374
1094 	 379
1095 	 384
1096 	 389
1097 	 394
1098 	 399
1099 	 404
1100 	 409
1101 	 414
1102 	 419
1103 	 424
1104 	 429
1105 	 434
1106 	 439
1107 	 444
1108 	 449
1109 	 469
1110 	 474
1111 	 479
1112 	 484
1113 	 489
1114 	 494
1115 	 499
1116 	 504
1117 	 509
1118 	 514
1119 	 519
1120 	 524
1121 	 529
1122 	 534
1123 	 539
1124 	 544
1125 	 549
1126 	 554
1127 	 559
1128 	 564
1129 	 569
1130 	 574
1131 	 579
1132 	 584
1133 	 589
1134 	 594
1135 	 599
1136 	 604
1137 	 609
1138 	 614
1139 	 619
1140 	 624
1141 	 629
1142 	 634
1143 	 644
1144 	 649
1145 	 654
1146 	 659
1147 	 664
1148 	 669
1149 	 674
1150 	 679
1151 	 684
1152 	 689
1153 	 694
1154 	 699
1155 	 704
1156 	 714
1157 	 719
1158 	 724
1159 	 729
1160 	 739
1161 	 744
1162 	 749
1163 	 754
1164 	 759
1165 	 764
1166 	 2147483647
1167 	 2147483647
1168 	 2147483647
1169 	 2147483647
1170 	 2147483647
1171 	 2147483647
1172 	 2147483647
1173 	 2147483647
1174 	 2147483647
1175 	 2147483647
1176 	 2147483647
1177 	 2147483647
1178 	 127
1179 	 132
1180 	 137
1181 	 142
1182 	 147
1183 	 152
1184 	 157
1185 	 162
1186 	 167
1187 	 172
1188 	 182
1189 	 187
1190 	 192
1191 	 197
1192 	 202
1193 	 207
1194 	 212
1195 	 217
1196 	 222
1197 	 227
1198 	 232
1199 	 237
1200 	 242
1201 	 247
1202 	 252
1203 	 257
1204 	 262
1205 	 267
1206 	 272
1207 	 277
1208 	 282
1209 	 287
1210 	 292
1211 	 297
1212 	 302
1213 	 307
1214 	 312
1215 	 317
1216 	 322
1217 	 327
1218 	 332
1219 	 337
1220 	 342
1221 	 347
1222 	 352
1223 	 357
1224 	 362
1225 	 367
1226 	 372
1227 	 377
1228 	 382
1229 	 387
1230 	 392
1231 	 397
1232 	 402
1233 	 407
1234 	 412
1235 	 417
1236 	 422
1237 	 427
1238 	 432
1239 	 437
1240 	 442
1241 	 447
1242 	 452
1243 	 457
1244 	 462
1245 	 467
1246 	 472
1247 	 477
1248 	 482
1249 	 487
1250 	 492
1251 	 497
1252 	 502
1253 	 507
1254 	 512
1255 	 517
1256 	 522
1257 	 527
1258 	 532
1259 	 537
1260 	 542
1261 	 547
1262 	 552
1263 	 557
1264 	 562
1265 	 567
1266 	 572
1267 	 577
1268 	 582
1269 	 587
1270 	 592
1271 	 597
1272 	 602
1273 	 607
1274 	 612
1275 	 617
1276 	 622
1277 	 627
1278 	 632
1279 	 637
1280 	 642
1281 	 647
1282 	 657
1283 	 662
1284 	 667
1285 	 687
1286 	 692
1287 	 697
1288 	 702
1289 	 707
1290 	 712
1291 	 717
1292 	 727
1293 	 732
1294 	 737
1295 	 742
1296 	 752
1297 	 757
1298 	 767
1299 	 772
1300 	 777
1301 	 782
1302 	 787
1303 	 792
1304 	 797
1305 	 802
1306 	 807
1307 	 812
1308 	 2147483647
1309 	 2147483647
1310 	 2147483647
1311 	 140
1312 	 145
1313 	 150
1314 	 155
1315 	 160
1316 	 165
1317 	 175
1318 	 180
1319 	 185
1320 	 190
1321 	 195
1322 	 200
1323 	 205
1324 	 210
1325 	 215
1326 	 220
1327 	 225
1328 	 230
1329 	 235
1330 	 240
1331 	 245
1332 	 250
1333 	 255
1334 	 260
1335 	 265
1336 	 270
1337 	 275
1338 	 280
1339 	 285
1340 	 290
1341 	 295
1342 	 300
1343 	 305
1344 	 310
1345 	 315
1346 	 320
1347 	 325
1348 	 330
1349 	 335
1350 	 340
1351 	 345
1352 	 350
1353 	 355
1354 	 360
1355 	 365
1356 	 370
1357 	 375
1358 	 380
1359 	 385
1360 	 390
1361 	 395
1362 	 405
1363 	 410
1364 	 415
1365 	 420
1366 	 425
1367 	 430
1368 	 435
1369 	 440
1370 	 445
1371 	 450
1372 	 455
1373 	 460
1374 	 465
1375 	 470
1376 	 475
1377 	 480
1378 	 485
1379 	 490
1380 	 500
1381 	 510
1382 	 515
1383 	 520
1384 	 525
1385 	 530
1386 	 535
1387 	 540
1388 	 545
1389 	 550
1390 	 555
1391 	 560
1392 	 565
1393 	 570
1394 	 575
1395 	 580
1396 	 590
1397 	 595
1398 	 600
1399 	 605
1400 	 610
1401 	 615
1402 	 620
1403 	 630
1404 	 640
1405 	 650
1406 	 655
1407 	 660
1408 	 665
1409 	 670
1410 	 680
1411 	 685
1412 	 690
1413 	 695
1414 	 700
1415 	 710
1416 	 715
1417 	 720
1418 	 730
1419 	 735
1420 	 740
1421 	 745
1422 	 750
1423 	 755
1424 	 760
1425 	 765
1426 	 770
1427 	 780
1428 	 785
1429 	 790
1430 	 795
1431 	 800
1432 	 805
1433 	 815
1434 	 820
1435 	 825
1436 	 830
1437 	 835
1438 	 840
1439 	 845
1440 	 850
1441 	 2147483647
1442 	 2147483647
1443 	 153
1444 	 158
1445 	 163
1446 	 168
1447 	 178
1448 	 188
1449 	 193
1450 	 198
1451 	 203
1452 	 208
1453 	 213
1454 	 218
1455 	 223
1456 	 228
1457 	 233
1458 	 238
1459 	 243
1460 	 248
1461 	 253
1462 	 258
1463 	 263
1464 	 268
1465 	 273
1466 	 278
1467 	 283
1468 	 288
1469 	 293
1470 	 298
1471 	 303
1472 	 308
1473 	 313
1474 	 318
1475 	 323
1476 	 328
1477 	 333
1478 	 338
1479 	 343
1480 	 348
1481 	 353
1482 	 363
1483 	 368
1484 	 378
1485 	 383
1486 	 388
1487 	 398
1488 	 403
1489 	 408
1490 	 418
1491 	 423
1492 	 428
1493 	 433
1494 	 438
1495 	 443
1496 	 448
1497 	 453
1498 	 458
1499 	 463
1500 	 468
1501 	 473
1502 	 478
1503 	 483
1504 	 488
1505 	 493
1506 	 498
1507 	 503
1508 	 513
1509 	 523
1510 	 528
1511 	 533
1512 	 538
1513 	 543
1514 	 548
1515 	 553
1516 	 558
1517 	 563
1518 	 568
1519 	 573
1520 	 578
1521 	 583
1522 	 588
1523 	 593
1524 	 603
1525 	 608
1526 	 613
1527 	 618
1528 	 623
1529 	 628
1530 	 633
1531 	 643
1532 	 653
1533 	 663
1534 	 673
1535 	 683
1536 	 693
1537 	 698
1538 	 703
1539 	 708
1540 	 713
1541 	 723
1542 	 733
1543 	 743
1544 	 748
1545 	 753
1546 	 758
1547 	 763
1548 	 768
1549 	 773
1550 	 778
1551 	 783
1552 	 788
1553 	 793
1554 	 798
1555 	 803
1556 	 808
1557 	 813
1558 	 818
1559 	 828
1560 	 833
1561 	 838
1562 	 843
1563 	 863
1564 	 2147483647
1565 	 2147483647
1566 	 166
1567 	 171
1568 	 176
1569 	 181
1570 	 191
1571 	 196
1572 	 201
1573 	 206
1574 	 211
1575 	 216
1576 	 221
1577 	 226
1578 	 231
1579 	 236
1580 	 241
1581 	 246
1582 	 251
1583 	 256
1584 	 261
1585 	 266
1586 	 271
1587 	 276
1588 	 281
1589 	 286
1590 	 291
1591 	 296
1592 	 301
1593 	 306
1594 	 316
1595 	 326
1596 	 336
1597 	 341
1598 	 346
1599 	 351
1600 	 356
1601 	 366
1602 	 376
1603 	 381
1604 	 391
1605 	 396
1606 	 401
1607 	 411
1608 	 416
1609 	 421
1610 	 426
1611 	 431
1612 	 436
1613 	 441
1614 	 446
1615 	 451
1616 	 456
1617 	 461
1618 	 466
1619 	 471
1620 	 476
1621 	 481
1622 	 486
1623 	 491
1624 	 496
1625 	 501
1626 	 506
1627 	 511
1628 	 516
1629 	 521
1630 	 526
1631 	 531
1632 	 536
1633 	 541
1634 	 546
1635 	 551
1636 	 556
1637 	 561
1638 	 566
1639 	 571
1640 	 576
1641 	 586
1642 	 596
1643 	 606
1644 	 611
1645 	 616
1646 	 621
1647 	 626
1648 	 631
1649 	 636
1650 	 641
1651 	 646
1652 	 651
1653 	 656
1654 	 661
1655 	 666
1656 	 671
1657 	 676
1658 	 686
1659 	 696
1660 	 701
1661 	 706
1662 	 711
1663 	 716
1664 	 721
1665 	 726
1666 	 731
1667 	 736
1668 	 746
1669 	 751
1670 	 756
1671 	 761
1672 	 766
1673 	 776
1674 	 781
1675 	 786
1676 	 791
1677 	 796
1678 	 801
1679 	 806
1680 	 811
1681 	 816
1682 	 821
1683 	 826
1684 	 831
1685 	 836
1686 	 841
1687 	 846
1688 	 851
1689 	 856
1690 	 861
1691 	 866
1692 	 871
1693 	 876
1694 	 2147483647
1695 	 2147483647
1696 	 2147483647
1697 	 189
1698 	 194
1699 	 199
1700 	 204
1701 	 209
1702 	 214
1703 	 224
1704 	 229
1705 	 234
1706 	 239
1707 	 244
1708 	 249
1709 	 254
1710 	 259
1711 	 264
1712 	 269
1713 	 274
1714 	 279
1715 	 284
1716 	 289
1717 	 294
1718 	 299
1719 	 304
1720 	 309
1721 	 314
1722 	 319
1723 	 329
1724 	 339
1725 	 349
1726 	 354
1727 	 359
1728 	 364
1729 	 369
1730 	 379
1731 	 384
1732 	 389
1733 	 394
1734 	 399
1735 	 404
1736 	 409
1737 	 414
1738 	 419
1739 	 424
1740 	 429
1741 	 434
1742 	 439
1743 	 444
1744 	 449
1745 	 454
1746 	 459
1747 	 464
1748 	 469
1749 	 474
1750 	 479
1751 	 484
1752 	 489
1753 	 494
1754 	 499
1755 	 504
1756 	 509
1757 	 514
1758 	 519
1759 	 524
1760 	 529
1761 	 534
1762 	 539
1763 	 544
1764 	 549
1765 	 554
1766 	 559
1767 	 564
1768 	 569
1769 	 574
1770 	 579
1771 	 584
1772 	 589
1773 	 599
1774 	 609
1775 	 619
1776 	 624
1777 	 629
1778 	 634
1779 	 639
1780 	 644
1781 	 649
1782 	 654
1783 	 659
1784 	 664
1785 	 669
1786 	 674
1787 	 679
1788 	 684
1789 	 689
1790 	 694
1791 	 699
1792 	 704
1793 	 709
1794 	 714
1795 	 734
1796 	 739
1797 	 749
1798 	 754
1799 	 759
1800 	 764
1801 	 769
1802 	 774
1803 	 779
1804 	 789
1805 	 794
1806 	 799
1807 	 804
1808 	 809
1809 	 814
1810 	 819
1811 	 824
1812 	 834
1813 	 844
1814 	 849
1815 	 854
1816 	 864
1817 	 869
1818 	 889
1819 	 2147483647
1820 	 2147483647
1821 	 202
1822 	 207
1823 	 212
1824 	 217
1825 	 222
1826 	 227
1827 	 237
1828 	 242
1829 	 247
1830 	 252
1831 	 257
1832 	 262
1833 	 267
1834 	 272
1835 	 277
1836 	 282
1837 	 287
1838 	 292
1839 	 297
1840 	 302
1841 	 307
1842 	 312
1843 	 317
1844 	 322
1845 	 327
1846 	 332
1847 	 337
1848 	 342
1849 	 347
1850 	 352
1851 	 357
1852 	 362
1853 	 367
1854 	 372
1855 	 377
1856 	 382
1857 	 387
1858 	 392
1859 	 397
1860 	 402
1861 	 407
1862 	 412
1863 	 417
1864 	 422
1865 	 427
1866 	 432
1867 	 437
1868 	 442
1869 	 447
1870 	 452
1871 	 457
1872 	 467
1873 	 472
1874 	 477
1875 	 482
1876 	 487
1877 	 492
1878 	 497
1879 	 502
1880 	 507
1881 	 512
1882 	 517
1883 	 522
1884 	 527
1885 	 532
1886 	 537
1887 	 542
1888 	 547
1889 	 552
1890 	 557
1891 	 562
1892 	 567
1893 	 572
1894 	 577
1895 	 582
1896 	 587
1897 	 592
1898 	 597
1899 	 602
1900 	 607
1901 	 612
1902 	 617
1903 	 622
1904 	 627
1905 	 632
1906 	 637
1907 	 642
1908 	 647
1909 	 652
1910 	 657
1911 	 662
1912 	 672
1913 	 677
1914 	 682
1915 	 702
1916 	 707
1917 	 712
1918 	 717
1919 	 722
1920 	 727
1921 	 732
1922 	 737
1923 	 742
1924 	 747
1925 	 752
1926 	 762
1927 	 772
1928 	 777
1929 	 782
1930 	 787
1931 	 792
1932 	 797
1933 	 802
1934 	 822
1935 	 827
1936 	 837
1937 	 847
1938 	 857
1939 	 862
1940 	 867
1941 	 877
1942 	 882
1943 	 887
1944 	 892
1945 	 897
1946 	 902
1947 	 2147483647
1948 	 2147483647
1949 	 2147483647
1950 	 215
1951 	 220
1952 	 225
1953 	 230
1954 	 235
1955 	 240
1956 	 245
1957 	 250
1958 	 255
1959 	 260
1960 	 265
1961 	 270
1962 	 275
1963 	 280
1964 	 285
1965 	 290
1966 	 295
1967 	 305
1968 	 310
1969 	 315
1970 	 320
1971 	 325
1972 	 330
1973 	 335
1974 	 340
1975 	 345
1976 	 350
1977 	 355
1978 	 360
1979 	 365
1980 	 370
1981 	 375
1982 	 380
1983 	 385
1984 	 395
1985 	 400
1986 	 405
1987 	 410
1988 	 415
1989 	 420
1990 	 425
1991 	 430
1992 	 435
1993 	 440
1994 	 445
1995 	 450
1996 	 455
1997 	 460
1998 	 465
1999 	 470
2000 	 480
2001 	 485
2002 	 490
2003 	 495
2004 	 500
2005 	 505
2006 	 510
2007 	 515
2008 	 520
2009 	 525
2010 	 530
2011 	 535
2012 	 540
2013 	 545
2014 	 550
2015 	 555
2016 	 560
2017 	 565
2018 	 570
2019 	 580
2020 	 585
2021 	 590
2022 	 595
2023 	 600
2024 	 605
2025 	 610
2026 	 615
2027 	 620
2028 	 640
2029 	 645
2030 	 650
2031 	 655
2032 	 660
2033 	 665
2034 	 670
2035 	 675
2036 	 685
2037 	 695
2038 	 700
2039 	 705
2040 	 710
2041 	 715
2042 	 720
2043 	 725
2044 	 735
2045 	 740
2046 	 745
2047 	 750
2048 	 755
2049 	 760
2050 	 765
2051 	 770
2052 	 775
2053 	 785
2054 	 795
2055 	 800
2056 	 805
2057 	 810
2058 	 815
2059 	 820
2060 	 825
2061 	 830
2062 	 835
2063 	 840
2064 	 850
2065 	 855
2066 	 860
2067 	 865
2068 	 870
2069 	 875
2070 	 880
2071 	 885
2072 	 890
2073 	 895
2074 	 900
2075 	 905
2076 	 915
2077 	 2147483647
2078 	 2147483647
2079 	 228
2080 	 248
2081 	 253
2082 	 258
2083 	 263
2084 	 268
2085 	 273
2086 	 278
2087 	 283
2088 	 288
2089 	 293
2090 	 298
2091 	 303
2092 	 308
2093 	 318
2094 	 323
2095 	 328
2096 	 333
2097 	 338
2098 	 343
2099 	 348
2100 	 353
2101 	 358
2102 	 363
2103 	 368
2104 	 373
2105 	 378
2106 	 383
2107 	 388
2108 	 393
2109 	 398
2110 	 408
2111 	 413
2112 	 418
2113 	 423
2114 	 428
2115 	 433
2116 	 438
2117 	 443
2118 	 448
2119 	 458
2120 	 463
2121 	 468
2122 	 473
2123 	 478
2124 	 483
2125 	 488
2126 	 493
2127 	 498
2128 	 503
2129 	 508
2130 	 513
2131 	 518
2132 	 523
2133 	 528
2134 	 533
2135 	 538
2136 	 543
2137 	 548
2138 	 553
2139 	 558
2140 	 563
2141 	 568
2142 	 573
2143 	 578
2144 	 583
2145 	 593
2146 	 598
2147 	 603
2148 	 608
2149 	 613
2150 	 623
2151 	 628
2152 	 633
2153 	 638
2154 	 643
2155 	 648
2156 	 653
2157 	 658
2158 	 663
2159 	 668
2160 	 678
2161 	 683
2162 	 688
2163 	 693
2164 	 698
2165 	 708
2166 	 713
2167 	 718
2168 	 723
2169 	 728
2170 	 733
2171 	 738
2172 	 748
2173 	 768
2174 	 773
2175 	 778
2176 	 783
2177 	 788
2178 	 793
2179 	 798
2180 	 808
2181 	 813
2182 	 818
2183 	 823
2184 	 828
2185 	 833
2186 	 838
2187 	 843
2188 	 848
2189 	 853
2190 	 858
2191 	 863
2192 	 868
2193 	 873
2194 	 893
2195 	 898
2196 	 903
2197 	 908
2198 	 913
2199 	 918
2200 	 928
2201 	 2147483647
2202 	 2147483647
2203 	 2147483647
2204 	 2147483647
2205 	 241
2206 	 246
2207 	 251
2208 	 256
2209 	 261
2210 	 266
2211 	 271
2212 	 276
2213 	 281
2214 	 286
2215 	 291
2216 	 296
2217 	 301
2218 	 306
2219 	 311
2220 	 316
2221 	 321
2222 	 326
2223 	 331
2224 	 336
2225 	 341
2226 	 346
2227 	 351
2228 	 356
2229 	 361
2230 	 366
2231 	 371
2232 	 376
2233 	 381
2234 	 386
2235 	 391
2236 	 396
2237 	 401
2238 	 406
2239 	 411
2240 	 416
2241 	 421
2242 	 431
2243 	 436
2244 	 441
2245 	 446
2246 	 451
2247 	 456
2248 	 461
2249 	 471
2250 	 476
2251 	 481
2252 	 486
2253 	 491
2254 	 496
2255 	 501
2256 	 506
2257 	 511
2258 	 516
2259 	 521
2260 	 526
2261 	 531
2262 	 536
2263 	 541
2264 	 546
2265 	 556
2266 	 561
2267 	 571
2268 	 576
2269 	 581
2270 	 586
2271 	 591
2272 	 596
2273 	 601
2274 	 606
2275 	 611
2276 	 616
2277 	 621
2278 	 626
2279 	 636
2280 	 641
2281 	 646
2282 	 651
2283 	 656
2284 	 661
2285 	 666
2286 	 671
2287 	 676
2288 	 681
2289 	 691
2290 	 696
2291 	 701
2292 	 706
2293 	 711
2294 	 716
2295 	 721
2296 	 726
2297 	 731
2298 	 736
2299 	 741
2300 	 746
2301 	 751
2302 	 756
2303 	 761
2304 	 766
2305 	 771
2306 	 776
2307 	 781
2308 	 786
2309 	 791
2310 	 796
2311 	 806
2312 	 811
2313 	 816
2314 	 821
2315 	 826
2316 	 831
2317 	 836
2318 	 841
2319 	 861
2320 	 866
2321 	 871
2322 	 876
2323 	 881
2324 	 886
2325 	 891
2326 	 896
2327 	 901
2328 	 906
2329 	 911
2330 	 916
2331 	 921
2332 	 926
2333 	 931
2334 	 936
2335 	 941
2336 	 2147483647
2337 	 2147483647
2338 	 2147483647
2339 	 2147483647
2340 	 254
2341 	 259
2342 	 264
2343 	 269
2344 	 274
2345 	 279
2346 	 284
2347 	 294
2348 	 299
2349 	 304
2350 	 309
2351 	 314
2352 	 319
2353 	 324
2354 	 329
2355 	 334
2356 	 339
2357 	 344
2358 	 349
2359 	 354
2360 	 359
2361 	 364
2362 	 369
2363 	 374
2364 	 379
2365 	 384
2366 	 389
2367 	 394
2368 	 399
2369 	 404
2370 	 409
2371 	 414
2372 	 419
2373 	 424
2374 	 429
2375 	 434
2376 	 444
2377 	 449
2378 	 454
2379 	 459
2380 	 464
2381 	 469
2382 	 474
2383 	 479
2384 	 484
2385 	 489
2386 	 494
2387 	 499
2388 	 504
2389 	 509
2390 	 514
2391 	 519
2392 	 524
2393 	 529
2394 	 534
2395 	 539
2396 	 544
2397 	 549
2398 	 554
2399 	 559
2400 	 569
2401 	 574
2402 	 584
2403 	 589
2404 	 594
2405 	 614
2406 	 619
2407 	 639
2408 	 644
2409 	 649
2410 	 654
2411 	 659
2412 	 664
2413 	 669
2414 	 674
2415 	 679
2416 	 689
2417 	 694
2418 	 699
2419 	 704
2420 	 709
2421 	 714
2422 	 719
2423 	 724
2424 	 729
2425 	 734
2426 	 739
2427 	 744
2428 	 749
2429 	 754
2430 	 764
2431 	 769
2432 	 774
2433 	 779
2434 	 784
2435 	 789
2436 	 794
2437 	 799
2438 	 804
2439 	 809
2440 	 819
2441 	 839
2442 	 844
2443 	 849
2444 	 854
2445 	 859
2446 	 864
2447 	 869
2448 	 874
2449 	 879
2450 	 884
2451 	 889
2452 	 894
2453 	 899
2454 	 904
2455 	 909
2456 	 914
2457 	 919
2458 	 924
2459 	 929
2460 	 934
2461 	 939
2462 	 944
2463 	 954
2464 	 2147483647
2465 	 2147483647
2466 	 2147483647
2467 	 267
2468 	 272
2469 	 292
2470 	 297
2471 	 307
2472 	 312
2473 	 317
2474 	 322
2475 	 327
2476 	 332
2477 	 337
2478 	 342
2479 	 347
2480 	 352
2481 	 357
2482 	 362
2483 	 367
2484 	 372
2485 	 377
2486 	 382
2487 	 387
2488 	 392
2489 	 397
2490 	 402
2491 	 407
2492 	 412
2493 	 417
2494 	 422
2495 	 427
2496 	 432
2497 	 437
2498 	 442
2499 	 447
2500 	 452
2501 	 457
2502 	 462
2503 	 467
2504 	 472
2505 	 477
2506 	 482
2507 	 487
2508 	 492
2509 	 497
2510 	 502
2511 	 507
2512 	 512
2513 	 517
2514 	 522
2515 	 532
2516 	 537
2517 	 542
2518 	 547
2519 	 552
2520 	 557
2521 	 562
2522 	 567
2523 	 572
2524 	 577
2525 	 582
2526 	 587
2527 	 592
2528 	 597
2529 	 602
2530 	 607
2531 	 612
2532 	 617
2533 	 622
2534 	 627
2535 	 632
2536 	 637
2537 	 642
2538 	 647
2539 	 652
2540 	 657
2541 	 662
2542 	 667
2543 	 677
2544 	 682
2545 	 687
2546 	 692
2547 	 702
2548 	 722
2549 	 727
2550 	 737
2551 	 747
2552 	 752
2553 	 757
2554 	 762
2555 	 767
2556 	 777
2557 	 797
2558 	 802
2559 	 807
2560 	 812
2561 	 817
2562 	 822
2563 	 827
2564 	 832
2565 	 837
2566 	 842
2567 	 847
2568 	 852
2569 	 857
2570 	 867
2571 	 872
2572 	 882
2573 	 892
2574 	 902
2575 	 912
2576 	 917
2577 	 927
2578 	 932
2579 	 937
2580 	 942
2581 	 947
2582 	 952
2583 	 957
2584 	 967
2585 	 2147483647
2586 	 2147483647
2587 	 2147483647
2588 	 280
2589 	 285
2590 	 290
2591 	 295
2592 	 300
2593 	 305
2594 	 310
2595 	 315
2596 	 320
2597 	 325
2598 	 330
2599 	 335
2600 	 340
2601 	 345
2602 	 350
2603 	 355
2604 	 360
2605 	 365
2606 	 370
2607 	 375
2608 	 380
2609 	 390
2610 	 395
2611 	 400
2612 	 405
2613 	 410
2614 	 415
2615 	 420
2616 	 425
2617 	 430
2618 	 435
2619 	 440
2620 	 445
2621 	 450
2622 	 455
2623 	 460
2624 	 465
2625 	 470
2626 	 475
2627 	 480
2628 	 485
2629 	 490
2630 	 495
2631 	 500
2632 	 505
2633 	 510
2634 	 515
2635 	 520
2636 	 525
2637 	 530
2638 	 535
2639 	 545
2640 	 550
2641 	 570
2642 	 575
2643 	 580
2644 	 585
2645 	 590
2646 	 595
2647 	 600
2648 	 605
2649 	 610
2650 	 615
2651 	 620
2652 	 625
2653 	 630
2654 	 640
2655 	 645
2656 	 650
2657 	 655
2658 	 660
2659 	 670
2660 	 680
2661 	 690
2662 	 695
2663 	 700
2664 	 705
2665 	 710
2666 	 715
2667 	 720
2668 	 725
2669 	 730
2670 	 735
2671 	 740
2672 	 750
2673 	 760
2674 	 765
2675 	 770
2676 	 775
2677 	 780
2678 	 785
2679 	 790
2680 	 795
2681 	 800
2682 	 805
2683 	 810
2684 	 815
2685 	 820
2686 	 825
2687 	 830
2688 	 835
2689 	 840
2690 	 845
2691 	 865
2692 	 870
2693 	 880
2694 	 885
2695 	 895
2696 	 905
2697 	 915
2698 	 925
2699 	 930
2700 	 940
2701 	 945
2702 	 950
2703 	 955
2704 	 960
2705 	 965
2706 	 970
2707 	 975
2708 	 980
2709 	 2147483647
2710 	 2147483647
2711 	 2147483647
2712 	 2147483647
2713 	 293
2714 	 298
2715 	 303
2716 	 308
2717 	 313
2718 	 333
2719 	 338
2720 	 343
2721 	 348
2722 	 353
2723 	 358
2724 	 363
2725 	 368
2726 	 373
2727 	 378
2728 	 383
2729 	 388
2730 	 393
2731 	 403
2732 	 408
2733 	 413
2734 	 418
2735 	 423
2736 	 428
2737 	 433
2738 	 438
2739 	 443
2740 	 448
2741 	 453
2742 	 458
2743 	 463
2744 	 468
2745 	 473
2746 	 483
2747 	 488
2748 	 493
2749 	 498
2750 	 503
2751 	 508
2752 	 513
2753 	 518
2754 	 523
2755 	 528
2756 	 533
2757 	 538
2758 	 543
2759 	 548
2760 	 553
2761 	 558
2762 	 563
2763 	 568
2764 	 573
2765 	 578
2766 	 583
2767 	 588
2768 	 593
2769 	 598
2770 	 603
2771 	 608
2772 	 613
2773 	 618
2774 	 623
2775 	 628
2776 	 633
2777 	 638
2778 	 643
2779 	 653
2780 	 658
2781 	 663
2782 	 668
2783 	 673
2784 	 683
2785 	 693
2786 	 698
2787 	 703
2788 	 708
2789 	 713
2790 	 718
2791 	 723
2792 	 733
2793 	 753
2794 	 758
2795 	 763
2796 	 768
2797 	 773
2798 	 778
2799 	 783
2800 	 788
2801 	 793
2802 	 798
2803 	 803
2804 	 808
2805 	 828
2806 	 833
2807 	 838
2808 	 843
2809 	 848
2810 	 853
2811 	 858
2812 	 863
2813 	 868
2814 	 873
2815 	 878
2816 	 883
2817 	 888
2818 	 893
2819 	 898
2820 	 903
2821 	 908
2822 	 913
2823 	 918
2824 	 923
2825 	 928
2826 	 933
2827 	 938
2828 	 943
2829 	 948
2830 	 953
2831 	 958
2832 	 963
2833 	 968
2834 	 973
2835 	 978
2836 	 983
2837 	 988
2838 	 993
2839 	 2147483647
2840 	 2147483647
2841 	 2147483647
2842 	 2147483647
2843 	 2147483647
2844 	 2147483647
2845 	 316
2846 	 326
2847 	 331
2848 	 336
2849 	 341
2850 	 346
2851 	 351
2852 	 356
2853 	 361
2854 	 366
2855 	 371
2856 	 376
2857 	 381
2858 	 386
2859 	 391
2860 	 396
2861 	 401
2862 	 406
2863 	 411
2864 	 416
2865 	 421
2866 	 426
2867 	 431
2868 	 436
2869 	 441
2870 	 446
2871 	 451
2872 	 456
2873 	 461
2874 	 466
2875 	 471
2876 	 476
2877 	 481
2878 	 486
2879 	 496
2880 	 501
2881 	 506
2882 	 516
2883 	 521
2884 	 526
2885 	 531
2886 	 536
2887 	 541
2888 	 546
2889 	 551
2890 	 556
2891 	 561
2892 	 566
2893 	 571
2894 	 581
2895 	 586
2896 	 591
2897 	 596
2898 	 601
2899 	 611
2900 	 616
2901 	 621
2902 	 626
2903 	 631
2904 	 636
2905 	 641
2906 	 651
2907 	 656
2908 	 661
2909 	 666
2910 	 686
2911 	 691
2912 	 696
2913 	 701
2914 	 706
2915 	 711
2916 	 731
2917 	 736
2918 	 746
2919 	 751
2920 	 756
2921 	 761
2922 	 766
2923 	 771
2924 	 791
2925 	 796
2926 	 816
2927 	 821
2928 	 826
2929 	 831
2930 	 836
2931 	 841
2932 	 846
2933 	 851
2934 	 861
2935 	 866
2936 	 871
2937 	 876
2938 	 881
2939 	 886
2940 	 891
2941 	 901
2942 	 906
2943 	 911
2944 	 916
2945 	 921
2946 	 926
2947 	 946
2948 	 951
2949 	 956
2950 	 966
2951 	 971
2952 	 976
2953 	 981
2954 	 986
2955 	 991
2956 	 2147483647
2957 	 2147483647
2958 	 329
2959 	 339
2960 	 359
2961 	 364
2962 	 369
2963 	 374
2964 	 379
2965 	 384
2966 	 389
2967 	 394
2968 	 399
2969 	 404
2970 	 409
2971 	 414
2972 	 419
2973 	 424
2974 	 429
2975 	 434
2976 	 439
2977 	 444
2978 	 449
2979 	 454
2980 	 459
2981 	 464
2982 	 474
2983 	 479
2984 	 484
2985 	 489
2986 	 494
2987 	 499
2988 	 504
2989 	 509
2990 	 514
2991 	 519
2992 	 529
2993 	 534
2994 	 539
2995 	 549
2996 	 559
2997 	 579
2998 	 584
2999 	 594
3000 	 599
3001 	 604
3002 	 609
3003 	 614
3004 	 624
3005 	 634
3006 	 639
3007 	 644
3008 	 649
3009 	 654
3010 	 664
3011 	 669
3012 	 674
3013 	 679
3014 	 684
3015 	 689
3016 	 694
3017 	 699
3018 	 704
3019 	 709
3020 	 714
3021 	 719
3022 	 724
3023 	 729
3024 	 734
3025 	 739
3026 	 744
3027 	 749
3028 	 754
3029 	 759
3030 	 764
3031 	 769
3032 	 774
3033 	 779
3034 	 784
3035 	 789
3036 	 794
3037 	 799
3038 	 804
3039 	 809
3040 	 814
3041 	 819
3042 	 824
3043 	 829
3044 	 834
3045 	 839
3046 	 859
3047 	 864
3048 	 874
3049 	 879
3050 	 884
3051 	 889
3052 	 894
3053 	 899
3054 	 904
3055 	 914
3056 	 934
3057 	 939
3058 	 944
3059 	 949
3060 	 954
3061 	 959
3062 	 964
3063 	 969
3064 	 979
3065 	 984
3066 	 989
3067 	 994
3068 	 999
3069 	 1004
3070 	 1009
3071 	 1014
3072 	 1019
3073 	 2147483647
3074 	 2147483647
3075 	 2147483647
3076 	 2147483647
3077 	 2147483647
3078 	 342
3079 	 347
3080 	 352
3081 	 357
3082 	 362
3083 	 367
3084 	 372
3085 	 377
3086 	 387
3087 	 397
3088 	 407
3089 	 412
3090 	 417
3091 	 422
3092 	 427
3093 	 432
3094 	 442
3095 	 462
3096 	 467
3097 	 472
3098 	 477
3099 	 487
3100 	 492
3101 	 497
3102 	 502
3103 	 507
3104 	 512
3105 	 517
3106 	 522
3107 	 527
3108 	 532
3109 	 537
3110 	 542
3111 	 552
3112 	 562
3113 	 572
3114 	 577
3115 	 582
3116 	 587
3117 	 592
3118 	 597
3119 	 602
3120 	 607
3121 	 612
3122 	 617
3123 	 622
3124 	 627
3125 	 632
3126 	 637
3127 	 647
3128 	 657
3129 	 667
3130 	 672
3131 	 677
3132 	 687
3133 	 697
3134 	 702
3135 	 712
3136 	 717
3137 	 722
3138 	 727
3139 	 732
3140 	 742
3141 	 752
3142 	 757
3143 	 767
3144 	 772
3145 	 777
3146 	 782
3147 	 787
3148 	 792
3149 	 797
3150 	 802
3151 	 807
3152 	 812
3153 	 817
3154 	 827
3155 	 832
3156 	 842
3157 	 852
3158 	 857
3159 	 862
3160 	 867
3161 	 872
3162 	 877
3163 	 882
3164 	 887
3165 	 897
3166 	 902
3167 	 907
3168 	 912
3169 	 917
3170 	 922
3171 	 927
3172 	 932
3173 	 937
3174 	 942
3175 	 947
3176 	 952
3177 	 957
3178 	 962
3179 	 967
3180 	 972
3181 	 977
3182 	 982
3183 	 987
3184 	 992
3185 	 997
3186 	 1002
3187 	 1007
3188 	 1012
3189 	 1017
3190 	 1022
3191 	 1027
3192 	 1032
3193 	 2147483647
3194 	 2147483647
3195 	 2147483647
3196 	 2147483647
3197 	 2147483647
3198 	 355
3199 	 360
3200 	 365
3201 	 370
3202 	 375
3203 	 380
3204 	 390
3205 	 400
3206 	 410
3207 	 420
3208 	 440
3209 	 445
3210 	 455
3211 	 460
3212 	 465
3213 	 470
3214 	 475
3215 	 480
3216 	 485
3217 	 490
3218 	 495
3219 	 500
3220 	 505
3221 	 510
3222 	 515
3223 	 520
3224 	 525
3225 	 530
3226 	 535
3227 	 540
3228 	 545
3229 	 550
3230 	 555
3231 	 565
3232 	 570
3233 	 575
3234 	 580
3235 	 585
3236 	 590
3237 	 595
3238 	 600
3239 	 610
3240 	 615
3241 	 620
3242 	 625
3243 	 630
3244 	 635
3245 	 640
3246 	 645
3247 	 650
3248 	 655
3249 	 660
3250 	 670
3251 	 680
3252 	 685
3253 	 690
3254 	 700
3255 	 710
3256 	 715
3257 	 725
3258 	 735
3259 	 745
3260 	 755
3261 	 765
3262 	 770
3263 	 780
3264 	 785
3265 	 795
3266 	 805
3267 	 815
3268 	 825
3269 	 830
3270 	 840
3271 	 845
3272 	 855
3273 	 865
3274 	 870
3275 	 875
3276 	 885
3277 	 890
3278 	 900
3279 	 910
3280 	 915
3281 	 925
3282 	 935
3283 	 945
3284 	 950
3285 	 955
3286 	 965
3287 	 970
3288 	 975
3289 	 980
3290 	 985
3291 	 990
3292 	 995
3293 	 1000
3294 	 1005
3295 	 1010
3296 	 1015
3297 	 1020
3298 	 1025
3299 	 1035
3300 	 1045
3301 	 2147483647
3302 	 2147483647
3303 	 2147483647
3304 	 2147483647
3305 	 368
3306 	 373
3307 	 378
3308 	 383
3309 	 388
3310 	 393
3311 	 403
3312 	 408
3313 	 413
3314 	 418
3315 	 423
3316 	 428
3317 	 433
3318 	 438
3319 	 443
3320 	 448
3321 	 453
3322 	 458
3323 	 463
3324 	 468
3325 	 473
3326 	 483
3327 	 488
3328 	 493
3329 	 498
3330 	 503
3331 	 508
3332 	 513
3333 	 518
3334 	 523
3335 	 528
3336 	 533
3337 	 538
3338 	 543
3339 	 548
3340 	 553
3341 	 558
3342 	 563
3343 	 568
3344 	 573
3345 	 578
3346 	 583
3347 	 588
3348 	 593
3349 	 598
3350 	 603
3351 	 608
3352 	 613
3353 	 623
3354 	 628
3355 	 633
3356 	 638
3357 	 643
3358 	 648
3359 	 653
3360 	 658
3361 	 663
3362 	 668
3363 	 673
3364 	 678
3365 	 683
3366 	 688
3367 	 693
3368 	 698
3369 	 703
3370 	 708
3371 	 713
3372 	 718
3373 	 723
3374 	 728
3375 	 733
3376 	 738
3377 	 748
3378 	 758
3379 	 763
3380 	 768
3381 	 773
3382 	 778
3383 	 783
3384 	 788
3385 	 793
3386 	 798
3387 	 808
3388 	 818
3389 	 828
3390 	 838
3391 	 843
3392 	 848
3393 	 853
3394 	 858
3395 	 863
3396 	 868
3397 	 873
3398 	 878
3399 	 888
3400 	 898
3401 	 903
3402 	 913
3403 	 918
3404 	 923
3405 	 928
3406 	 938
3407 	 948
3408 	 958
3409 	 963
3410 	 968
3411 	 978
3412 	 983
3413 	 993
3414 	 998
3415 	 1008
3416 	 1013
3417 	 1018
3418 	 1023
3419 	 1028
3420 	 1033
3421 	 1038
3422 	 1048
3423 	 1058
3424 	 2147483647
3425 	 2147483647
3426 	 2147483647
3427 	 2147483647
3428 	 391
3429 	 396
3430 	 401
3431 	 406
3432 	 411
3433 	 416
3434 	 421
3435 	 426
3436 	 431
3437 	 436
3438 	 441
3439 	 446
3440 	 451
3441 	 456
3442 	 461
3443 	 466
3444 	 471
3445 	 476
3446 	 481
3447 	 486
3448 	 496
3449 	 501
3450 	 506
3451 	 511
3452 	 516
3453 	 521
3454 	 526
3455 	 536
3456 	 546
3457 	 551
3458 	 556
3459 	 561
3460 	 571
3461 	 576
3462 	 581
3463 	 586
3464 	 591
3465 	 596
3466 	 616
3467 	 621
3468 	 626
3469 	 631
3470 	 636
3471 	 641
3472 	 646
3473 	 651
3474 	 656
3475 	 661
3476 	 666
3477 	 671
3478 	 676
3479 	 681
3480 	 686
3481 	 691
3482 	 696
3483 	 701
3484 	 706
3485 	 711
3486 	 716
3487 	 721
3488 	 726
3489 	 731
3490 	 741
3491 	 746
3492 	 751
3493 	 756
3494 	 761
3495 	 766
3496 	 771
3497 	 776
3498 	 781
3499 	 786
3500 	 791
3501 	 796
3502 	 801
3503 	 811
3504 	 816
3505 	 821
3506 	 826
3507 	 831
3508 	 836
3509 	 841
3510 	 846
3511 	 851
3512 	 856
3513 	 861
3514 	 866
3515 	 871
3516 	 881
3517 	 886
3518 	 891
3519 	 901
3520 	 906
3521 	 911
3522 	 916
3523 	 921
3524 	 926
3525 	 931
3526 	 936
3527 	 941
3528 	 946
3529 	 951
3530 	 956
3531 	 961
3532 	 966
3533 	 971
3534 	 976
3535 	 981
3536 	 986
3537 	 991
3538 	 996
3539 	 1006
3540 	 1011
3541 	 1021
3542 	 1031
3543 	 1036
3544 	 1041
3545 	 1051
3546 	 1056
3547 	 1061
3548 	 1066
3549 	 1071
3550 	 2147483647
3551 	 2147483647
3552 	 2147483647
3553 	 2147483647
3554 	 2147483647
3555 	 2147483647
3556 	 2147483647
3557 	 2147483647
3558 	 404
3559 	 409
3560 	 419
3561 	 429
3562 	 434
3563 	 439
3564 	 444
3565 	 449
3566 	 454
3567 	 459
3568 	 464
3569 	 469
3570 	 474
3571 	 479
3572 	 484
3573 	 489
3574 	 494
3575 	 499
3576 	 504
3577 	 509
3578 	 514
3579 	 519
3580 	 524
3581 	 529
3582 	 534
3583 	 539
3584 	 549
3585 	 559
3586 	 564
3587 	 569
3588 	 574
3589 	 584
3590 	 589
3591 	 594
3592 	 599
3593 	 604
3594 	 609
3595 	 614
3596 	 619
3597 	 624
3598 	 629
3599 	 634
3600 	 639
3601 	 644
3602 	 649
3603 	 654
3604 	 659
3605 	 664
3606 	 669
3607 	 674
3608 	 679
3609 	 684
3610 	 689
3611 	 694
3612 	 704
3613 	 724
3614 	 729
3615 	 734
3616 	 739
3617 	 744
3618 	 754
3619 	 759
3620 	 764
3621 	 774
3622 	 779
3623 	 784
3624 	 789
3625 	 794
3626 	 799
3627 	 804
3628 	 809
3629 	 814
3630 	 824
3631 	 829
3632 	 834
3633 	 839
3634 	 844
3635 	 849
3636 	 854
3637 	 864
3638 	 869
3639 	 874
3640 	 879
3641 	 884
3642 	 894
3643 	 899
3644 	 904
3645 	 909
3646 	 914
3647 	 919
3648 	 924
3649 	 929
3650 	 934
3651 	 939
3652 	 944
3653 	 949
3654 	 954
3655 	 974
3656 	 979
3657 	 984
3658 	 989
3659 	 994
3660 	 1004
3661 	 1009
3662 	 1014
3663 	 1019
3664 	 1024
3665 	 1029
3666 	 1034
3667 	 1044
3668 	 1049
3669 	 1054
3670 	 1064
3671 	 1074
3672 	 1079
3673 	 1084
3674 	 2147483647
3675 	 2147483647
3676 	 2147483647
3677 	 2147483647
3678 	 2147483647
3679 	 2147483647
3680 	 2147483647
3681 	 2147483647
3682 	 422
3683 	 432
3684 	 442
3685 	 447
3686 	 452
3687 	 457
3688 	 467
3689 	 477
3690 	 482
3691 	 487
3692 	 492
3693 	 497
3694 	 502
3695 	 507
3696 	 512
3697 	 517
3698 	 527
3699 	 532
3700 	 537
3701 	 542
3702 	 547
3703 	 552
3704 	 557
3705 	 562
3706 	 567
3707 	 572
3708 	 577
3709 	 582
3710 	 587
3711 	 592
3712 	 597
3713 	 607
3714 	 612
3715 	 622
3716 	 632
3717 	 637
3718 	 642
3719 	 647
3720 	 652
3721 	 657
3722 	 662
3723 	 672
3724 	 677
3725 	 682
3726 	 687
3727 	 692
3728 	 697
3729 	 707
3730 	 717
3731 	 722
3732 	 727
3733 	 732
3734 	 737
3735 	 747
3736 	 752
3737 	 757
3738 	 762
3739 	 767
3740 	 777
3741 	 787
3742 	 797
3743 	 802
3744 	 807
3745 	 812
3746 	 817
3747 	 822
3748 	 827
3749 	 832
3750 	 837
3751 	 842
3752 	 862
3753 	 867
3754 	 877
3755 	 882
3756 	 887
3757 	 897
3758 	 902
3759 	 907
3760 	 912
3761 	 917
3762 	 922
3763 	 927
3764 	 932
3765 	 937
3766 	 942
3767 	 947
3768 	 952
3769 	 957
3770 	 962
3771 	 967
3772 	 972
3773 	 977
3774 	 982
3775 	 987
3776 	 992
3777 	 997
3778 	 1007
3779 	 1017
3780 	 1022
3781 	 1027
3782 	 1032
3783 	 1037
3784 	 1042
3785 	 1047
3786 	 1052
3787 	 1057
3788 	 1062
3789 	 1067
3790 	 1072
3791 	 1077
3792 	 1087
3793 	 1092
3794 	 1097
3795 	 2147483647
3796 	 2147483647
3797 	 2147483647
3798 	 2147483647
3799 	 2147483647
3800 	 435
3801 	 440
3802 	 445
3803 	 450
3804 	 455
3805 	 460
3806 	 465
3807 	 470
3808 	 480
3809 	 490
3810 	 495
3811 	 500
3812 	 505
3813 	 515
3814 	 520
3815 	 525
3816 	 530
3817 	 540
3818 	 545
3819 	 555
3820 	 560
3821 	 570
3822 	 590
3823 	 595
3824 	 600
3825 	 610
3826 	 620
3827 	 625
3828 	 635
3829 	 645
3830 	 650
3831 	 655
3832 	 660
3833 	 670
3834 	 675
3835 	 685
3836 	 705
3837 	 710
3838 	 720
3839 	 725
3840 	 730
3841 	 735
3842 	 740
3843 	 745
3844 	 750
3845 	 760
3846 	 770
3847 	 780
3848 	 790
3849 	 795
3850 	 800
3851 	 810
3852 	 815
3853 	 820
3854 	 825
3855 	 830
3856 	 835
3857 	 840
3858 	 845
3859 	 850
3860 	 855
3861 	 860
3862 	 865
3863 	 870
3864 	 875
3865 	 880
3866 	 885
3867 	 890
3868 	 895
3869 	 900
3870 	 910
3871 	 915
3872 	 920
3873 	 925
3874 	 935
3875 	 940
3876 	 945
3877 	 950
3878 	 955
3879 	 960
3880 	 970
3881 	 990
3882 	 995
3883 	 1005
3884 	 1010
3885 	 1020
3886 	 1025
3887 	 1030
3888 	 1035
3889 	 1040
3890 	 1045
3891 	 1050
3892 	 1055
3893 	 1060
3894 	 1065
3895 	 1070
3896 	 1075
3897 	 1080
3898 	 1085
3899 	 1090
3900 	 1095
3901 	 1100
3902 	 1105
3903 	 1110
3904 	 2147483647
3905 	 2147483647
3906 	 2147483647
3907 	 2147483647
3908 	 2147483647
3909 	 2147483647
3910 	 2147483647
3911 	 2147483647
3912 	 2147483647
3913 	 448
3914 	 453
3915 	 458
3916 	 463
3917 	 468
3918 	 473
3919 	 478
3920 	 483
3921 	 488
3922 	 493
3923 	 498
3924 	 503
3925 	 508
3926 	 513
3927 	 518
3928 	 528
3929 	 533
3930 	 538
3931 	 543
3932 	 548
3933 	 553
3934 	 558
3935 	 568
3936 	 573
3937 	 583
3938 	 588
3939 	 593
3940 	 598
3941 	 603
3942 	 608
3943 	 613
3944 	 623
3945 	 628
3946 	 633
3947 	 638
3948 	 643
3949 	 648
3950 	 653
3951 	 658
3952 	 668
3953 	 673
3954 	 683
3955 	 688
3956 	 693
3957 	 698
3958 	 703
3959 	 708
3960 	 713
3961 	 718
3962 	 723
3963 	 728
3964 	 733
3965 	 738
3966 	 743
3967 	 748
3968 	 753
3969 	 758
3970 	 763
3971 	 768
3972 	 773
3973 	 783
3974 	 793
3975 	 798
3976 	 803
3977 	 813
3978 	 818
3979 	 823
3980 	 828
3981 	 833
3982 	 838
3983 	 843
3984 	 848
3985 	 853
3986 	 858
3987 	 863
3988 	 883
3989 	 888
3990 	 893
3991 	 898
3992 	 903
3993 	 908
3994 	 913
3995 	 918
3996 	 923
3997 	 928
3998 	 938
3999 	 948
4000 	 953
4001 	 958
4002 	 963
4003 	 973
4004 	 983
4005 	 988
4006 	 993
4007 	 998
4008 	 1003
4009 	 1008
4010 	 1018
4011 	 1023
4012 	 1028
4013 	 1033
4014 	 1043
4015 	 1048
4016 	 1053
4017 	 1058
4018 	 1063
4019 	 1068
4020 	 1073
4021 	 1078
4022 	 1083
4023 	 1093
4024 	 1113
4025 	 1118
4026 	 2147483647
4027 	 2147483647
4028 	 2147483647
4029 	 2147483647
4030 	 2147483647
4031 	 2147483647
4032 	 2147483647
4033 	 461
4034 	 466
4035 	 471
4036 	 476
4037 	 481
4038 	 486
4039 	 491
4040 	 496
4041 	 506
4042 	 526
4043 	 531
4044 	 536
4045 	 541
4046 	 546
4047 	 551
4048 	 556
4049 	 561
4050 	 571
4051 	 576
4052 	 581
4053 	 586
4054 	 591
4055 	 596
4056 	 601
4057 	 606
4058 	 611
4059 	 616
4060 	 621
4061 	 626
4062 	 631
4063 	 636
4064 	 656
4065 	 661
4066 	 671
4067 	 681
4068 	 686
4069 	 691
4070 	 696
4071 	 706
4072 	 711
4073 	 716
4074 	 726
4075 	 731
4076 	 736
4077 	 741
4078 	 746
4079 	 751
4080 	 761
4081 	 781
4082 	 786
4083 	 791
4084 	 796
4085 	 801
4086 	 806
4087 	 811
4088 	 816
4089 	 826
4090 	 831
4091 	 836
4092 	 841
4093 	 846
4094 	 851
4095 	 856
4096 	 861
4097 	 866
4098 	 871
4099 	 876
4100 	 881
4101 	 886
4102 	 891
4103 	 896
4104 	 901
4105 	 906
4106 	 916
4107 	 936
4108 	 941
4109 	 951
4110 	 956
4111 	 961
4112 	 966
4113 	 971
4114 	 976
4115 	 986
4116 	 991
4117 	 996
4118 	 1001
4119 	 1006
4120 	 1011
4121 	 1016
4122 	 1021
4123 	 1026
4124 	 1031
4125 	 1036
4126 	 1046
4127 	 1056
4128 	 1061
4129 	 1066
4130 	 1071
4131 	 1076
4132 	 1081
4133 	 1086
4134 	 1091
4135 	 1096
4136 	 1106
4137 	 1111
4138 	 1116
4139 	 1121
4140 	 1126
4141 	 1131
4142 	 2147483647
4143 	 2147483647
4144 	 2147483647
4145 	 2147483647
4146 	 474
4147 	 484
4148 	 504
4149 	 509
4150 	 519
4151 	 524
4152 	 529
4153 	 534
4154 	 539
4155 	 544
4156 	 549
4157 	 569
4158 	 574
4159 	 584
4160 	 589
4161 	 594
4162 	 599
4163 	 604
4164 	 614
4165 	 619
4166 	 624
4167 	 629
4168 	 634
4169 	 639
4170 	 649
4171 	 654
4172 	 659
4173 	 664
4174 	 669
4175 	 674
4176 	 684
4177 	 689
4178 	 694
4179 	 699
4180 	 704
4181 	 709
4182 	 719
4183 	 729
4184 	 739
4185 	 744
4186 	 749
4187 	 754
4188 	 759
4189 	 764
4190 	 774
4191 	 779
4192 	 784
4193 	 789
4194 	 794
4195 	 799
4196 	 809
4197 	 819
4198 	 824
4199 	 829
4200 	 834
4201 	 839
4202 	 844
4203 	 849
4204 	 854
4205 	 859
4206 	 864
4207 	 869
4208 	 874
4209 	 879
4210 	 899
4211 	 904
4212 	 909
4213 	 914
4214 	 919
4215 	 929
4216 	 934
4217 	 939
4218 	 944
4219 	 949
4220 	 954
4221 	 959
4222 	 964
4223 	 969
4224 	 974
4225 	 979
4226 	 984
4227 	 989
4228 	 994
4229 	 999
4230 	 1004
4231 	 1014
4232 	 1034
4233 	 1039
4234 	 1044
4235 	 1049
4236 	 1059
4237 	 1064
4238 	 1069
4239 	 1074
4240 	 1079
4241 	 1084
4242 	 1094
4243 	 1099
4244 	 1104
4245 	 1109
4246 	 1114
4247 	 1119
4248 	 1124
4249 	 1129
4250 	 1134
4251 	 1144
4252 	 1149
4253 	 2147483647
4254 	 2147483647
4255 	 2147483647
4256 	 2147483647
4257 	 2147483647
4258 	 2147483647
4259 	 2147483647
4260 	 2147483647
4261 	 2147483647
4262 	 487
4263 	 497
4264 	 502
4265 	 507
4266 	 512
4267 	 517
4268 	 522
4269 	 527
4270 	 532
4271 	 537
4272 	 542
4273 	 547
4274 	 552
4275 	 557
4276 	 562
4277 	 567
4278 	 572
4279 	 577
4280 	 582
4281 	 587
4282 	 592
4283 	 597
4284 	 602
4285 	 612
4286 	 617
4287 	 627
4288 	 647
4289 	 652
4290 	 662
4291 	 667
4292 	 672
4293 	 677
4294 	 687
4295 	 692
4296 	 697
4297 	 702
4298 	 707
4299 	 712
4300 	 717
4301 	 722
4302 	 727
4303 	 732
4304 	 742
4305 	 747
4306 	 752
4307 	 757
4308 	 762
4309 	 767
4310 	 777
4311 	 782
4312 	 787
4313 	 792
4314 	 797
4315 	 802
4316 	 812
4317 	 822
4318 	 832
4319 	 837
4320 	 842
4321 	 847
4322 	 852
4323 	 857
4324 	 862
4325 	 867
4326 	 877
4327 	 882
4328 	 892
4329 	 897
4330 	 902
4331 	 907
4332 	 912
4333 	 917
4334 	 922
4335 	 927
4336 	 932
4337 	 937
4338 	 942
4339 	 952
4340 	 957
4341 	 967
4342 	 972
4343 	 977
4344 	 982
4345 	 987
4346 	 992
4347 	 997
4348 	 1002
4349 	 1007
4350 	 1012
4351 	 1017
4352 	 1027
4353 	 1032
4354 	 1037
4355 	 1042
4356 	 1047
4357 	 1052
4358 	 1062
4359 	 1067
4360 	 1072
4361 	 1082
4362 	 1087
4363 	 1092
4364 	 1097
4365 	 1107
4366 	 1112
4367 	 1117
4368 	 1122
4369 	 1127
4370 	 1132
4371 	 1137
4372 	 1142
4373 	 1147
4374 	 1157
4375 	 1162
4376 	 2147483647
4377 	 2147483647
4378 	 2147483647
4379 	 2147483647
4380 	 2147483647
4381 	 500
4382 	 505
4383 	 510
4384 	 520
4385 	 525
4386 	 530
4387 	 535
4388 	 540
4389 	 550
4390 	 560
4391 	 580
4392 	 585
4393 	 590
4394 	 610
4395 	 615
4396 	 625
4397 	 630
4398 	 635
4399 	 640
4400 	 645
4401 	 650
4402 	 655
4403 	 660
4404 	 665
4405 	 670
4406 	 675
4407 	 680
4408 	 685
4409 	 690
4410 	 700
4411 	 705
4412 	 710
4413 	 715
4414 	 720
4415 	 740
4416 	 745
4417 	 750
4418 	 755
4419 	 775
4420 	 780
4421 	 790
4422 	 795
4423 	 800
4424 	 805
4425 	 810
4426 	 815
4427 	 825
4428 	 830
4429 	 835
4430 	 840
4431 	 845
4432 	 850
4433 	 855
4434 	 860
4435 	 865
4436 	 870
4437 	 880
4438 	 890
4439 	 895
4440 	 905
4441 	 910
4442 	 920
4443 	 930
4444 	 940
4445 	 945
4446 	 955
4447 	 965
4448 	 970
4449 	 980
4450 	 990
4451 	 995
4452 	 1000
4453 	 1005
4454 	 1010
4455 	 1015
4456 	 1020
4457 	 1030
4458 	 1035
4459 	 1040
4460 	 1060
4461 	 1065
4462 	 1075
4463 	 1085
4464 	 1095
4465 	 1100
4466 	 1105
4467 	 1110
4468 	 1115
4469 	 1120
4470 	 1125
4471 	 1130
4472 	 1135
4473 	 1140
4474 	 1145
4475 	 1150
4476 	 1155
4477 	 1160
4478 	 1165
4479 	 1170
4480 	 1175
4481 	 2147483647
4482 	 2147483647
4483 	 2147483647
4484 	 2147483647
4485 	 2147483647
4486 	 513
4487 	 518
4488 	 523
4489 	 533
4490 	 538
4491 	 543
4492 	 548
4493 	 553
4494 	 563
4495 	 573
4496 	 578
4497 	 583
4498 	 588
4499 	 593
4500 	 598
4501 	 603
4502 	 608
4503 	 613
4504 	 618
4505 	 623
4506 	 628
4507 	 633
4508 	 638
4509 	 648
4510 	 668
4511 	 673
4512 	 693
4513 	 698
4514 	 703
4515 	 708
4516 	 713
4517 	 718
4518 	 728
4519 	 733
4520 	 738
4521 	 743
4522 	 748
4523 	 753
4524 	 758
4525 	 763
4526 	 768
4527 	 773
4528 	 778
4529 	 783
4530 	 788
4531 	 793
4532 	 798
4533 	 803
4534 	 813
4535 	 818
4536 	 823
4537 	 828
4538 	 833
4539 	 838
4540 	 858
4541 	 863
4542 	 868
4543 	 873
4544 	 878
4545 	 883
4546 	 893
4547 	 898
4548 	 903
4549 	 908
4550 	 913
4551 	 918
4552 	 923
4553 	 933
4554 	 943
4555 	 953
4556 	 958
4557 	 968
4558 	 973
4559 	 978
4560 	 983
4561 	 988
4562 	 993
4563 	 1003
4564 	 1013
4565 	 1018
4566 	 1023
4567 	 1028
4568 	 1033
4569 	 1043
4570 	 1048
4571 	 1053
4572 	 1058
4573 	 1063
4574 	 1068
4575 	 1073
4576 	 1078
4577 	 1083
4578 	 1088
4579 	 1098
4580 	 1103
4581 	 1108
4582 	 1113
4583 	 1118
4584 	 1123
4585 	 1128
4586 	 1133
4587 	 1138
4588 	 1143
4589 	 1148
4590 	 1153
4591 	 1158
4592 	 1163
4593 	 1168
4594 	 1173
4595 	 1178
4596 	 1183
4597 	 1188
4598 	 2147483647
4599 	 2147483647
4600 	 2147483647
4601 	 2147483647
4602 	 2147483647
4603 	 2147483647
4604 	 2147483647
4605 	 2147483647
4606 	 2147483647
4607 	 526
4608 	 531
4609 	 536
4610 	 541
4611 	 546
4612 	 566
4613 	 571
4614 	 576
4615 	 581
4616 	 586
4617 	 591
4618 	 601
4619 	 606
4620 	 611
4621 	 621
4622 	 631
4623 	 636
4624 	 641
4625 	 646
4626 	 651
4627 	 661
4628 	 666
4629 	 671
4630 	 676
4631 	 681
4632 	 686
4633 	 691
4634 	 696
4635 	 701
4636 	 706
4637 	 716
4638 	 726
4639 	 731
4640 	 741
4641 	 746
4642 	 751
4643 	 756
4644 	 761
4645 	 766
4646 	 771
4647 	 776
4648 	 781
4649 	 786
4650 	 791
4651 	 796
4652 	 801
4653 	 806
4654 	 811
4655 	 816
4656 	 826
4657 	 836
4658 	 846
4659 	 851
4660 	 856
4661 	 861
4662 	 866
4663 	 871
4664 	 876
4665 	 881
4666 	 891
4667 	 896
4668 	 901
4669 	 906
4670 	 911
4671 	 916
4672 	 921
4673 	 926
4674 	 931
4675 	 936
4676 	 941
4677 	 946
4678 	 951
4679 	 956
4680 	 961
4681 	 966
4682 	 971
4683 	 976
4684 	 981
4685 	 986
4686 	 991
4687 	 996
4688 	 1001
4689 	 1006
4690 	 1011
4691 	 1016
4692 	 1026
4693 	 1031
4694 	 1036
4695 	 1041
4696 	 1046
4697 	 1051
4698 	 1056
4699 	 1061
4700 	 1066
4701 	 1071
4702 	 1076
4703 	 1081
4704 	 1086
4705 	 1091
4706 	 1101
4707 	 1106
4708 	 1111
4709 	 1116
4710 	 1121
4711 	 1126
4712 	 1131
4713 	 1136
4714 	 1141
4715 	 1146
4716 	 1151
4717 	 1161
4718 	 1166
4719 	 1171
4720 	 1176
4721 	 1181
4722 	 1186
4723 	 1191
4724 	 1196
4725 	 1201
4726 	 2147483647
4727 	 2147483647
4728 	 2147483647
4729 	 2147483647
4730 	 2147483647
4731 	 2147483647
4732 	 2147483647
4733 	 544
4734 	 549
4735 	 554
4736 	 559
4737 	 564
4738 	 569
4739 	 574
4740 	 579
4741 	 584
4742 	 589
4743 	 594
4744 	 599
4745 	 604
4746 	 614
4747 	 619
4748 	 624
4749 	 634
4750 	 644
4751 	 649
4752 	 654
4753 	 659
4754 	 664
4755 	 669
4756 	 674
4757 	 679
4758 	 684
4759 	 689
4760 	 699
4761 	 709
4762 	 719
4763 	 729
4764 	 739
4765 	 744
4766 	 749
4767 	 754
4768 	 759
4769 	 769
4770 	 774
4771 	 784
4772 	 789
4773 	 794
4774 	 799
4775 	 804
4776 	 814
4777 	 819
4778 	 824
4779 	 829
4780 	 834
4781 	 839
4782 	 849
4783 	 859
4784 	 869
4785 	 874
4786 	 884
4787 	 894
4788 	 904
4789 	 914
4790 	 934
4791 	 939
4792 	 944
4793 	 949
4794 	 954
4795 	 959
4796 	 964
4797 	 969
4798 	 974
4799 	 979
4800 	 984
4801 	 989
4802 	 994
4803 	 999
4804 	 1004
4805 	 1009
4806 	 1014
4807 	 1019
4808 	 1024
4809 	 1029
4810 	 1034
4811 	 1039
4812 	 1044
4813 	 1049
4814 	 1054
4815 	 1059
4816 	 1064
4817 	 1069
4818 	 1074
4819 	 1079
4820 	 1084
4821 	 1089
4822 	 1094
4823 	 1099
4824 	 1104
4825 	 1114
4826 	 1119
4827 	 1124
4828 	 1129
4829 	 1134
4830 	 1139
4831 	 1144
4832 	 1149
4833 	 1154
4834 	 1159
4835 	 1164
4836 	 1174
4837 	 1179
4838 	 1184
4839 	 1189
4840 	 1194
4841 	 1204
4842 	 1209
4843 	 1214
4844 	 2147483647
4845 	 2147483647
4846 	 2147483647
4847 	 2147483647
4848 	 2147483647
4849 	 557
4850 	 562
4851 	 572
4852 	 582
4853 	 592
4854 	 602
4855 	 612
4856 	 617
4857 	 622
4858 	 627
4859 	 637
4860 	 642
4861 	 647
4862 	 652
4863 	 657
4864 	 662
4865 	 672
4866 	 682
4867 	 687
4868 	 697
4869 	 702
4870 	 712
4871 	 722
4872 	 732
4873 	 737
4874 	 742
4875 	 747
4876 	 752
4877 	 757
4878 	 762
4879 	 772
4880 	 782
4881 	 787
4882 	 797
4883 	 802
4884 	 807
4885 	 812
4886 	 817
4887 	 827
4888 	 832
4889 	 837
4890 	 842
4891 	 847
4892 	 852
4893 	 857
4894 	 862
4895 	 867
4896 	 872
4897 	 882
4898 	 887
4899 	 897
4900 	 907
4901 	 912
4902 	 917
4903 	 927
4904 	 932
4905 	 937
4906 	 942
4907 	 947
4908 	 952
4909 	 962
4910 	 972
4911 	 977
4912 	 982
4913 	 987
4914 	 992
4915 	 997
4916 	 1002
4917 	 1007
4918 	 1012
4919 	 1017
4920 	 1027
4921 	 1037
4922 	 1047
4923 	 1052
4924 	 1057
4925 	 1062
4926 	 1067
4927 	 1077
4928 	 1082
4929 	 1087
4930 	 1107
4931 	 1112
4932 	 1117
4933 	 1122
4934 	 1127
4935 	 1147
4936 	 1152
4937 	 1162
4938 	 1172
4939 	 1177
4940 	 1182
4941 	 1187
4942 	 1192
4943 	 1197
4944 	 1202
4945 	 1207
4946 	 1217
4947 	 1227
4948 	 2147483647
4949 	 2147483647
4950 	 2147483647
4951 	 2147483647
4952 	 2147483647
4953 	 2147483647
4954 	 2147483647
4955 	 2147483647
4956 	 570
4957 	 575
4958 	 585
4959 	 595
4960 	 605
4961 	 615
4962 	 625
4963 	 630
4964 	 640
4965 	 650
4966 	 660
4967 	 665
4968 	 675
4969 	 685
4970 	 695
4971 	 700
4972 	 710
4973 	 715
4974 	 720
4975 	 725
4976 	 730
4977 	 735
4978 	 740
4979 	 745
4980 	 750
4981 	 755
4982 	 760
4983 	 765
4984 	 775
4985 	 785
4986 	 790
4987 	 795
4988 	 800
4989 	 805
4990 	 810
4991 	 815
4992 	 820
4993 	 825
4994 	 830
4995 	 835
4996 	 840
4997 	 850
4998 	 855
4999 	 865
5000 	 870
5001 	 875
5002 	 880
5003 	 885
5004 	 890
5005 	 895
5006 	 900
5007 	 905
5008 	 910
5009 	 915
5010 	 920
5011 	 930
5012 	 935
5013 	 940
5014 	 945
5015 	 950
5016 	 955
5017 	 965
5018 	 975
5019 	 985
5020 	 990
5021 	 995
5022 	 1000
5023 	 1005
5024 	 1015
5025 	 1025
5026 	 1030
5027 	 1040
5028 	 1050
5029 	 1060
5030 	 1065
5031 	 1070
5032 	 1080
5033 	 1090
5034 	 1100
5035 	 1105
5036 	 1110
5037 	 1115
5038 	 1120
5039 	 1125
5040 	 1130
5041 	 1135
5042 	 1140
5043 	 1145
5044 	 1150
5045 	 1155
5046 	 1160
5047 	 1165
5048 	 1175
5049 	 1185
5050 	 1190
5051 	 1210
5052 	 1215
5053 	 1220
5054 	 1225
5055 	 1230
5056 	 1240
5057 	 2147483647
5058 	 2147483647
5059 	 2147483647
5060 	 2147483647
5061 	 2147483647
5062 	 2147483647
5063 	 2147483647
5064 	 2147483647
5065 	 2147483647
5066 	 2147483647
5067 	 583
5068 	 588
5069 	 593
5070 	 598
5071 	 603
5072 	 608
5073 	 613
5074 	 618
5075 	 623
5076 	 628
5077 	 633
5078 	 638
5079 	 643
5080 	 653
5081 	 658
5082 	 663
5083 	 673
5084 	 678
5085 	 688
5086 	 693
5087 	 698
5088 	 703
5089 	 708
5090 	 713
5091 	 718
5092 	 723
5093 	 728
5094 	 733
5095 	 738
5096 	 743
5097 	 748
5098 	 753
5099 	 773
5100 	 778
5101 	 788
5102 	 793
5103 	 798
5104 	 803
5105 	 823
5106 	 828
5107 	 833
5108 	 838
5109 	 843
5110 	 848
5111 	 853
5112 	 863
5113 	 868
5114 	 878
5115 	 883
5116 	 888
5117 	 893
5118 	 898
5119 	 903
5120 	 908
5121 	 913
5122 	 918
5123 	 923
5124 	 928
5125 	 933
5126 	 943
5127 	 948
5128 	 953
5129 	 958
5130 	 963
5131 	 968
5132 	 978
5133 	 983
5134 	 988
5135 	 993
5136 	 998
5137 	 1003
5138 	 1008
5139 	 1013
5140 	 1018
5141 	 1028
5142 	 1038
5143 	 1043
5144 	 1048
5145 	 1053
5146 	 1058
5147 	 1063
5148 	 1068
5149 	 1073
5150 	 1078
5151 	 1083
5152 	 1093
5153 	 1098
5154 	 1103
5155 	 1113
5156 	 1123
5157 	 1133
5158 	 1143
5159 	 1148
5160 	 1158
5161 	 1163
5162 	 1168
5163 	 1173
5164 	 1178
5165 	 1183
5166 	 1188
5167 	 1193
5168 	 1198
5169 	 1203
5170 	 1208
5171 	 1213
5172 	 1218
5173 	 1223
5174 	 1228
5175 	 1233
5176 	 1238
5177 	 1243
5178 	 1248
