
Tempo total de execução: 3.000000 milissegundo(s).

0 	 2147483647
1 	 0
2 	 5
3 	 10
4 	 15
5 	 20
6 	 25
7 	 30
8 	 35
9 	 40
10 	 2147483647
11 	 2147483647
12 	 2147483647
13 	 2147483647
14 	 2147483647
15 	 2147483647
16 	 2147483647
17 	 2147483647
18 	 2147483647
19 	 2147483647
20 	 2147483647
21 	 2147483647
22 	 2147483647
23 	 2147483647
24 	 2147483647
25 	 2147483647
26 	 2147483647
27 	 13
28 	 18
29 	 23
30 	 28
31 	 33
32 	 38
33 	 43
34 	 48
35 	 53
36 	 58
37 	 63
38 	 68
39 	 73
40 	 78
41 	 83
42 	 88
43 	 2147483647
44 	 2147483647
45 	 2147483647
46 	 2147483647
47 	 2147483647
48 	 2147483647
49 	 2147483647
50 	 2147483647
51 	 2147483647
52 	 2147483647
53 	 2147483647
54 	 2147483647
55 	 2147483647
56 	 2147483647
57 	 26
58 	 31
59 	 36
60 	 41
61 	 46
62 	 51
63 	 56
64 	 61
65 	 66
66 	 71
67 	 76
68 	 81
69 	 86
70 	 91
71 	 96
72 	 101
73 	 106
74 	 111
75 	 116
76 	 121
77 	 126
78 	 131
79 	 136
80 	 141
81 	 146
82 	 151
83 	 156
84 	 161
85 	 166
86 	 171
87 	 176
88 	 181
89 	 186
90 	 39
91 	 44
92 	 49
93 	 54
94 	 59
95 	 64
96 	 69
97 	 74
98 	 79
99 	 84
100 	 89
101 	 94
102 	 99
103 	 104
104 	 109
105 	 114
106 	 119
107 	 124
108 	 129
109 	 134
110 	 139
111 	 144
112 	 149
113 	 154
114 	 159
115 	 164
116 	 174
117 	 179
118 	 184
119 	 189
120 	 194
121 	 199
122 	 52
123 	 57
124 	 62
125 	 67
126 	 72
127 	 77
128 	 82
129 	 87
130 	 92
131 	 97
132 	 102
133 	 107
134 	 117
135 	 122
136 	 132
137 	 137
138 	 147
139 	 152
140 	 157
141 	 162
142 	 167
143 	 172
144 	 177
145 	 187
146 	 192
147 	 197
148 	 202
149 	 207
150 	 212
151 	 65
152 	 70
153 	 75
154 	 80
155 	 85
156 	 90
157 	 95
158 	 100
159 	 105
160 	 110
161 	 115
162 	 120
163 	 130
164 	 135
165 	 145
166 	 150
167 	 160
168 	 165
169 	 170
170 	 175
171 	 180
172 	 185
173 	 190
174 	 195
175 	 200
176 	 205
177 	 210
178 	 215
179 	 220
180 	 225
181 	 78
182 	 83
183 	 88
184 	 93
185 	 98
186 	 103
187 	 108
188 	 113
189 	 118
190 	 128
191 	 133
192 	 138
193 	 143
194 	 148
195 	 153
196 	 158
197 	 163
198 	 168
199 	 173
200 	 178
201 	 183
202 	 188
203 	 193
204 	 198
205 	 203
206 	 208
207 	 213
208 	 218
209 	 223
210 	 228
211 	 233
212 	 238
213 	 91
214 	 96
215 	 101
216 	 106
217 	 111
218 	 116
219 	 121
220 	 126
221 	 131
222 	 141
223 	 146
224 	 151
225 	 156
226 	 161
227 	 166
228 	 171
229 	 176
230 	 181
231 	 186
232 	 191
233 	 196
234 	 201
235 	 211
236 	 221
237 	 226
238 	 231
239 	 236
240 	 241
241 	 251
242 	 104
243 	 109
244 	 114
245 	 119
246 	 124
247 	 129
248 	 134
249 	 139
250 	 144
251 	 149
252 	 154
253 	 159
254 	 164
255 	 169
256 	 174
257 	 179
258 	 184
259 	 204
260 	 209
261 	 214
262 	 224
263 	 234
264 	 239
265 	 244
266 	 249
267 	 254
268 	 264
269 	 117
270 	 122
271 	 127
272 	 132
273 	 137
274 	 142
275 	 147
276 	 152
277 	 157
278 	 162
279 	 167
280 	 177
281 	 182
282 	 187
283 	 197
284 	 202
285 	 207
286 	 212
287 	 217
288 	 222
289 	 227
290 	 232
291 	 237
292 	 242
293 	 247
294 	 252
295 	 257
296 	 262
297 	 267
298 	 272
299 	 277
300 	 130
301 	 135
302 	 140
303 	 145
304 	 150
305 	 155
306 	 160
307 	 165
308 	 170
309 	 175
310 	 180
311 	 190
312 	 195
313 	 200
314 	 210
315 	 215
316 	 220
317 	 225
318 	 230
319 	 235
320 	 240
321 	 245
322 	 250
323 	 255
324 	 260
325 	 265
326 	 270
327 	 275
328 	 280
329 	 285
330 	 290
331 	 2147483647
332 	 148
333 	 153
334 	 158
335 	 163
336 	 168
337 	 173
338 	 178
339 	 183
340 	 188
341 	 193
342 	 198
343 	 203
344 	 208
345 	 213
346 	 218
347 	 223
348 	 228
349 	 233
350 	 238
351 	 243
352 	 248
353 	 268
354 	 273
355 	 278
356 	 298
357 	 303
358 	 2147483647
359 	 161
360 	 166
361 	 171
362 	 176
363 	 181
364 	 186
365 	 191
366 	 196
367 	 201
368 	 206
369 	 211
370 	 216
371 	 221
372 	 226
373 	 231
374 	 236
375 	 241
376 	 246
377 	 256
378 	 261
379 	 266
380 	 271
381 	 276
382 	 281
383 	 291
384 	 296
385 	 301
386 	 306
387 	 311
388 	 316
389 	 2147483647
390 	 174
391 	 179
392 	 184
393 	 189
394 	 194
395 	 199
396 	 209
397 	 214
398 	 219
399 	 224
400 	 229
401 	 234
402 	 239
403 	 244
404 	 249
405 	 254
406 	 259
407 	 269
408 	 274
409 	 279
410 	 284
411 	 289
412 	 294
413 	 304
414 	 309
415 	 314
416 	 319
417 	 324
418 	 329
419 	 2147483647
420 	 187
421 	 192
422 	 197
423 	 202
424 	 207
425 	 212
426 	 222
427 	 232
428 	 237
429 	 242
430 	 247
431 	 252
432 	 257
433 	 262
434 	 267
435 	 272
436 	 277
437 	 282
438 	 287
439 	 292
440 	 297
441 	 302
442 	 307
443 	 312
444 	 317
445 	 322
446 	 327
447 	 332
448 	 337
449 	 2147483647
450 	 200
451 	 205
452 	 210
453 	 215
454 	 220
455 	 225
456 	 230
457 	 235
458 	 245
459 	 250
460 	 255
461 	 260
462 	 265
463 	 270
464 	 275
465 	 280
466 	 285
467 	 290
468 	 295
469 	 300
470 	 305
471 	 310
472 	 315
473 	 320
474 	 325
475 	 330
476 	 335
477 	 340
478 	 350
479 	 2147483647
480 	 218
481 	 223
482 	 228
483 	 233
484 	 238
485 	 243
486 	 248
487 	 253
488 	 258
489 	 263
490 	 268
491 	 273
492 	 278
493 	 283
494 	 288
495 	 293
496 	 298
497 	 303
498 	 308
499 	 313
500 	 318
501 	 323
502 	 328
503 	 333
504 	 338
505 	 343
506 	 348
507 	 353
508 	 363
509 	 368
510 	 2147483647
511 	 231
512 	 236
513 	 241
514 	 246
515 	 251
516 	 256
517 	 261
518 	 266
519 	 271
520 	 276
521 	 286
522 	 291
523 	 296
524 	 301
525 	 306
526 	 311
527 	 316
528 	 321
529 	 326
530 	 331
531 	 336
532 	 341
533 	 346
534 	 351
535 	 356
536 	 361
537 	 366
538 	 371
539 	 376
540 	 381
541 	 2147483647
542 	 2147483647
543 	 244
544 	 249
545 	 259
546 	 264
547 	 269
548 	 274
549 	 279
550 	 284
551 	 289
552 	 299
553 	 304
554 	 309
555 	 314
556 	 319
557 	 324
558 	 329
559 	 334
560 	 339
561 	 344
562 	 349
563 	 354
564 	 359
565 	 364
566 	 369
567 	 379
568 	 384
569 	 389
570 	 394
571 	 2147483647
572 	 2147483647
573 	 257
574 	 262
575 	 272
576 	 277
577 	 282
578 	 287
579 	 292
580 	 297
581 	 302
582 	 307
583 	 312
584 	 317
585 	 322
586 	 327
587 	 332
588 	 337
589 	 342
590 	 347
591 	 352
592 	 357
593 	 362
594 	 367
595 	 377
596 	 382
597 	 392
598 	 397
599 	 402
600 	 407
601 	 2147483647
602 	 2147483647
603 	 270
604 	 275
605 	 280
606 	 285
607 	 290
608 	 295
609 	 300
610 	 305
611 	 310
612 	 315
613 	 320
614 	 325
615 	 330
616 	 335
617 	 340
618 	 345
619 	 350
620 	 355
621 	 360
622 	 365
623 	 370
624 	 375
625 	 380
626 	 390
627 	 395
628 	 400
629 	 405
630 	 410
631 	 415
